44236800
44923200
45609600
46296000
46982400
47668800
48355200
49041600
49728000
50414400
51100800
51787200
52473600
53160000
53846400
54532800
55219200
55905600
56592000
57278400
57964800
58651200
59337600
60024000
60710400
61396800
62083200
62769600
63456000
64142400
64828800
65515200
66201600
66888000
67574400
68260800
68947200
69633600
70320000
71006400
71692800
72379200
73065600
73752000
74438400
75124800
75811200
76497600
77184000
77870400
78556800
79243200
79929600
80616000
81302400
81988800
82675200
83361600
84048000
84734400
85420800
86107200
86793600
87480000
88166400
88852800
89539200
90225600
90912000
91598400
92284800
92971200
93657600
94344000
95030400
95716800
96403200
97089600
97776000
98462400
99148800
99835200
100521600
101208000
101894400
102580800
103267200
103953600
104640000
105326400
106012800
106699200
107385600
108072000
108758400
109444800
110131200
110817600
111504000
112190400
112876800
113563200
114249600
114936000
115622400
116308800
116995200
117681600
118368000
119054400
119740800
120427200
121113600
121800000
122486400
123172800
123859200
124545600
125232000
125918400
126604800
127291200
127977600
128664000
129350400
130036800
130723200
131409600
132096000
132782400
133468800
134155200
134841600
135528000
136214400
136900800
137587200
138273600
138960000
139646400
140332800
141019200
141705600
142392000
143078400
143764800
144451200
145137600
145824000
146510400
147196800
147883200
148569600
149256000
149942400
150628800
151315200
152001600
152688000
153374400
154060800
154747200
155433600
156120000
156806400
157492800
158179200
158865600
159552000
160238400
160924800
161611200
162297600
162984000
163670400
164356800
165043200
165729600
166416000
167102400
167788800
168475200
169161600
169848000
170534400
171220800
171907200
172593600
173280000
173966400
174652800
175339200
176025600
176712000
177398400
178084800
178771200
179457600
180144000
180830400
181516800
182203200
182889600
183576000
184262400
184948800
185635200
186321600
187008000
187694400
188380800
189067200
189753600
190440000
191126400
191812800
192499200
193185600
193872000
194558400
195244800
195931200
196617600
197304000
197990400
198676800
199363200
200049600
200736000
201422400
202108800
202795200
203481600
204168000
204854400
205540800
206227200
206913600
207600000
208286400
208972800
209659200
210345600
211032000
211718400
212404800
213091200
213777600
214464000
215150400
215836800
216523200
217209600
217896000
218582400
219268800
219955200
220641600
221328000
222014400
222700800
223387200
224073600
224760000
225446400
226132800
226819200
227505600
228192000
228878400
229564800
230251200
230937600
231624000
232310400
232996800
233683200
234369600
235056000
235742400
236428800
237115200
237801600
238488000
239174400
239860800
240547200
241233600
241920000
242606400
243292800
243979200
244665600
245352000
246038400
246724800
247411200
248097600
248784000
249470400
250156800
250843200
251529600
252216000
252902400
253588800
254275200
254961600
255648000
334400
1020800
1707200
2393600
3080000
3766400
4452800
5139200
5825600
6512000
7198400
7884800
8571200
9257600
9944000
10630400
11316800
12003200
12689600
13376000
14062400
14748800
15435200
16121600
16808000
17494400
18180800
18867200
19553600
20240000
20926400
21612800
22299200
22985600
23672000
24358400
25044800
25731200
26417600
27104000
27790400
28476800
29163200
29849600
30536000
31222400
31908800
32595200
33281600
33968000
34654400
35340800
36027200
36713600
37400000
38086400
38772800
39459200
40145600
40832000
41518400
42204800
42891200
43577600
44264000
44950400
45636800
46323200
47009600
47696000
48382400
49068800
49755200
50441600
51128000
51814400
52500800
53187200
53873600
54560000
55246400
55932800
56619200
57305600
57992000
58678400
59364800
60051200
60737600
61424000
62110400
62796800
63483200
64169600
64856000
65542400
66228800
66915200
67601600
68288000
68974400
69660800
70347200
71033600
71720000
72406400
73092800
73779200
74465600
75152000
75838400
76524800
77211200
77897600
78584000
79270400
79956800
80643200
81329600
82016000
82702400
83388800
84075200
84761600
85448000
86134400
86820800
87507200
88193600
88880000
89566400
90252800
90939200
91625600
92312000
92998400
93684800
94371200
95057600
95744000
96430400
97116800
97803200
98489600
99176000
99862400
100548800
101235200
101921600
102608000
103294400
103980800
104667200
105353600
106040000
106726400
107412800
108099200
108785600
109472000
110158400
110844800
111531200
112217600
112904000
113590400
114276800
114963200
115649600
116336000
117022400
117708800
118395200
119081600
119768000
120454400
121140800
121827200
122513600
123200000
123886400
124572800
125259200
125945600
126632000
127318400
128004800
128691200
129377600
130064000
130750400
131436800
132123200
132809600
133496000
134182400
134868800
135555200
136241600
136928000
137614400
138300800
138987200
139673600
140360000
141046400
141732800
142419200
143105600
143792000
144478400
145164800
145851200
146537600
147224000
147910400
148596800
149283200
149969600
150656000
151342400
152028800
152715200
153401600
154088000
154774400
155460800
156147200
156833600
157520000
158206400
158892800
159579200
160265600
160952000
161638400
162324800
163011200
163697600
164384000
165070400
165756800
166443200
167129600
167816000
168502400
169188800
169875200
170561600
171248000
171934400
172620800
173307200
173993600
174680000
175366400
176052800
176739200
177425600
178112000
178798400
179484800
180171200
180857600
181544000
182230400
182916800
183603200
184289600
184976000
185662400
186348800
187035200
187721600
188408000
189094400
189780800
190467200
191153600
191840000
192526400
193212800
193899200
194585600
195272000
195958400
196644800
197331200
198017600
198704000
199390400
200076800
200763200
201449600
202136000
202822400
203508800
204195200
204881600
205568000
206254400
206940800
207627200
208313600
209000000
209686400
210372800
211059200
211745600
212432000
213118400
213804800
214491200
215177600
215864000
216550400
217236800
217923200
218609600
219296000
219982400
220668800
221355200
222041600
222728000
223414400
224100800
224787200
225473600
226160000
226846400
227532800
228219200
228905600
229592000
230278400
230964800
231651200
232337600
233024000
233710400
234396800
235083200
235769600
236456000
237142400
237828800
238515200
239201600
239888000
240574400
241260800
241947200
242633600
243320000
244006400
244692800
245379200
246065600
246752000
247438400
248124800
248811200
249497600
250184000
250870400
251556800
252243200
252929600
253616000
254302400
254988800
255675200
361600
1048000
1734400
2420800
3107200
3793600
4480000
5166400
5852800
6539200
7225600
7912000
8598400
9284800
9971200
10657600
11344000
12030400
12716800
13403200
14089600
14776000
15462400
16148800
16835200
17521600
18208000
18894400
19580800
20267200
20953600
21640000
22326400
23012800
23699200
24385600
25072000
25758400
26444800
27131200
27817600
28504000
29190400
29876800
30563200
31249600
31936000
32622400
33308800
33995200
34681600
35368000
36054400
36740800
37427200
38113600
38800000
39486400
40172800
40859200
41545600
42232000
42918400
43604800
44291200
44977600
45664000
46350400
47036800
47723200
48409600
49096000
49782400
50468800
51155200
51841600
52528000
53214400
53900800
54587200
55273600
55960000
56646400
57332800
58019200
58705600
59392000
60078400
60764800
61451200
62137600
62824000
63510400
64196800
64883200
65569600
66256000
66942400
67628800
68315200
69001600
69688000
70374400
71060800
71747200
72433600
73120000
73806400
74492800
75179200
75865600
76552000
77238400
77924800
78611200
79297600
79984000
80670400
81356800
82043200
82729600
83416000
84102400
84788800
85475200
86161600
86848000
87534400
88220800
88907200
89593600
90280000
90966400
91652800
92339200
93025600
93712000
94398400
95084800
95771200
96457600
97144000
97830400
98516800
99203200
99889600
100576000
101262400
101948800
102635200
103321600
104008000
104694400
105380800
106067200
106753600
107440000
108126400
108812800
109499200
110185600
110872000
111558400
112244800
112931200
113617600
114304000
114990400
115676800
116363200
117049600
117736000
118422400
119108800
119795200
120481600
121168000
121854400
122540800
123227200
123913600
124600000
125286400
125972800
126659200
127345600
128032000
128718400
129404800
130091200
130777600
131464000
132150400
132836800
133523200
134209600
134896000
135582400
136268800
136955200
137641600
138328000
139014400
139700800
140387200
141073600
141760000
142446400
143132800
143819200
144505600
145192000
145878400
146564800
147251200
147937600
148624000
149310400
149996800
150683200
151369600
152056000
152742400
153428800
154115200
154801600
155488000
156174400
156860800
157547200
158233600
158920000
159606400
160292800
160979200
161665600
162352000
163038400
163724800
164411200
165097600
165784000
166470400
167156800
167843200
168529600
169216000
169902400
170588800
171275200
171961600
172648000
173334400
174020800
174707200
175393600
176080000
176766400
177452800
178139200
178825600
179512000
180198400
180884800
181571200
182257600
182944000
183630400
184316800
185003200
185689600
186376000
187062400
187748800
188435200
189121600
189808000
190494400
191180800
191867200
192553600
193240000
193926400
194612800
195299200
195985600
196672000
197358400
198044800
198731200
199417600
200104000
200790400
201476800
202163200
202849600
203536000
204222400
204908800
205595200
206281600
206968000
207654400
208340800
209027200
209713600
210400000
211086400
211772800
212459200
213145600
213832000
214518400
215204800
215891200
216577600
217264000
217950400
218636800
219323200
220009600
220696000
221382400
222068800
222755200
223441600
224128000
224814400
225500800
226187200
226873600
227560000
228246400
228932800
229619200
230305600
230992000
231678400
232364800
233051200
233737600
234424000
235110400
235796800
236483200
237169600
237856000
238542400
239228800
239915200
240601600
241288000
241974400
242660800
243347200
244033600
244720000
245406400
246092800
246779200
247465600
248152000
248838400
249524800
250211200
250897600
251584000
252270400
252956800
253643200
254329600
255016000
255702400
388800
1075200
1761600
2448000
3134400
3820800
4507200
5193600
5880000
6566400
7252800
7939200
8625600
9312000
9998400
10684800
11371200
12057600
12744000
13430400
14116800
14803200
15489600
16176000
16862400
17548800
18235200
18921600
19608000
20294400
20980800
21667200
22353600
23040000
23726400
24412800
25099200
25785600
26472000
27158400
27844800
28531200
29217600
29904000
30590400
31276800
31963200
32649600
33336000
34022400
34708800
35395200
36081600
36768000
37454400
38140800
38827200
39513600
40200000
40886400
41572800
42259200
42945600
43632000
44318400
45004800
45691200
46377600
47064000
47750400
48436800
49123200
49809600
50496000
51182400
51868800
52555200
53241600
53928000
54614400
55300800
55987200
56673600
57360000
58046400
58732800
59419200
60105600
60792000
61478400
62164800
62851200
63537600
64224000
64910400
65596800
66283200
66969600
67656000
68342400
69028800
69715200
70401600
71088000
71774400
72460800
73147200
73833600
74520000
75206400
75892800
76579200
77265600
77952000
78638400
79324800
80011200
80697600
81384000
82070400
82756800
83443200
84129600
84816000
85502400
86188800
86875200
87561600
88248000
88934400
89620800
90307200
90993600
91680000
92366400
93052800
93739200
94425600
95112000
95798400
96484800
97171200
97857600
98544000
99230400
99916800
100603200
101289600
101976000
102662400
103348800
104035200
104721600
105408000
106094400
106780800
107467200
108153600
108840000
109526400
110212800
110899200
111585600
112272000
112958400
113644800
114331200
115017600
115704000
116390400
117076800
117763200
118449600
119136000
119822400
120508800
121195200
121881600
122568000
123254400
123940800
124627200
125313600
126000000
126686400
127372800
128059200
128745600
129432000
130118400
130804800
131491200
132177600
132864000
133550400
134236800
134923200
135609600
136296000
136982400
137668800
138355200
139041600
139728000
140414400
141100800
141787200
142473600
143160000
143846400
144532800
145219200
145905600
146592000
147278400
147964800
148651200
149337600
150024000
150710400
151396800
152083200
152769600
153456000
154142400
154828800
155515200
156201600
156888000
157574400
158260800
158947200
159633600
160320000
161006400
161692800
162379200
163065600
163752000
164438400
165124800
165811200
166497600
167184000
167870400
168556800
169243200
169929600
170616000
171302400
171988800
172675200
173361600
174048000
174734400
175420800
176107200
176793600
177480000
178166400
178852800
179539200
180225600
180912000
181598400
182284800
182971200
183657600
184344000
185030400
185716800
186403200
187089600
187776000
188462400
189148800
189835200
190521600
191208000
191894400
192580800
193267200
193953600
194640000
195326400
196012800
196699200
197385600
198072000
198758400
199444800
200131200
200817600
201504000
202190400
202876800
203563200
204249600
204936000
205622400
206308800
206995200
207681600
208368000
209054400
209740800
210427200
211113600
211800000
212486400
213172800
213859200
214545600
215232000
215918400
216604800
217291200
217977600
218664000
219350400
220036800
220723200
221409600
222096000
222782400
223468800
224155200
224841600
225528000
226214400
226900800
227587200
228273600
228960000
229646400
230332800
231019200
231705600
232392000
233078400
233764800
234451200
235137600
235824000
236510400
237196800
237883200
238569600
239256000
239942400
240628800
241315200
242001600
242688000
243374400
244060800
244747200
245433600
246120000
246806400
247492800
248179200
248865600
249552000
250238400
250924800
251611200
252297600
252984000
253670400
254356800
255043200
255729600
416000
1102400
1788800
2475200
3161600
3848000
4534400
5220800
5907200
6593600
7280000
7966400
8652800
9339200
10025600
10712000
11398400
12084800
12771200
13457600
14144000
14830400
15516800
16203200
16889600
17576000
18262400
18948800
19635200
20321600
21008000
21694400
22380800
23067200
23753600
24440000
25126400
25812800
26499200
27185600
27872000
28558400
29244800
29931200
30617600
31304000
31990400
32676800
33363200
34049600
34736000
35422400
36108800
36795200
37481600
38168000
38854400
39540800
40227200
40913600
41600000
42286400
42972800
43659200
44345600
45032000
45718400
46404800
47091200
47777600
48464000
49150400
49836800
50523200
51209600
51896000
52582400
53268800
53955200
54641600
55328000
56014400
56700800
57387200
58073600
58760000
59446400
60132800
60819200
61505600
62192000
62878400
63564800
64251200
64937600
65624000
66310400
66996800
67683200
68369600
69056000
69742400
70428800
71115200
71801600
72488000
73174400
73860800
74547200
75233600
75920000
76606400
77292800
77979200
78665600
79352000
80038400
80724800
81411200
82097600
82784000
83470400
84156800
84843200
85529600
86216000
86902400
87588800
88275200
88961600
89648000
90334400
91020800
91707200
92393600
93080000
93766400
94452800
95139200
95825600
96512000
97198400
97884800
98571200
99257600
99944000
100630400
101316800
102003200
102689600
103376000
104062400
104748800
105435200
106121600
106808000
107494400
108180800
108867200
109553600
110240000
110926400
111612800
112299200
112985600
113672000
114358400
115044800
115731200
116417600
117104000
117790400
118476800
119163200
119849600
120536000
121222400
121908800
122595200
123281600
123968000
124654400
125340800
126027200
126713600
127400000
128086400
128772800
129459200
130145600
130832000
131518400
132204800
132891200
133577600
134264000
134950400
135636800
136323200
137009600
137696000
138382400
139068800
139755200
140441600
141128000
141814400
142500800
143187200
143873600
144560000
145246400
145932800
146619200
147305600
147992000
148678400
149364800
150051200
150737600
151424000
152110400
152796800
153483200
154169600
154856000
155542400
156228800
156915200
157601600
158288000
158974400
159660800
160347200
161033600
161720000
162406400
163092800
163779200
164465600
165152000
165838400
166524800
167211200
167897600
168584000
169270400
169956800
170643200
171329600
172016000
172702400
173388800
174075200
174761600
175448000
176134400
176820800
177507200
178193600
178880000
179566400
180252800
180939200
181625600
182312000
182998400
183684800
184371200
185057600
185744000
186430400
187116800
187803200
188489600
189176000
189862400
190548800
191235200
191921600
192608000
193294400
193980800
194667200
195353600
196040000
196726400
197412800
198099200
198785600
199472000
200158400
200844800
201531200
202217600
202904000
203590400
204276800
204963200
205649600
206336000
207022400
207708800
208395200
209081600
209768000
210454400
211140800
211827200
212513600
213200000
213886400
214572800
215259200
215945600
216632000
217318400
218004800
218691200
219377600
220064000
220750400
221436800
222123200
222809600
223496000
224182400
224868800
225555200
226241600
226928000
227614400
228300800
228987200
229673600
230360000
231046400
231732800
232419200
233105600
233792000
234478400
235164800
235851200
236537600
237224000
237910400
238596800
239283200
239969600
240656000
241342400
242028800
242715200
243401600
244088000
244774400
245460800
246147200
246833600
247520000
248206400
248892800
249579200
250265600
250952000
251638400
252324800
253011200
253697600
254384000
255070400
255756800
443200
1129600
1816000
2502400
3188800
3875200
4561600
5248000
5934400
6620800
7307200
7993600
8680000
9366400
10052800
10739200
11425600
12112000
12798400
13484800
14171200
14857600
15544000
16230400
16916800
17603200
18289600
18976000
19662400
20348800
21035200
21721600
22408000
23094400
23780800
24467200
25153600
25840000
26526400
27212800
27899200
28585600
29272000
29958400
30644800
31331200
32017600
32704000
33390400
34076800
34763200
35449600
36136000
36822400
37508800
38195200
38881600
39568000
40254400
40940800
41627200
42313600
43000000
43686400
44372800
45059200
45745600
46432000
47118400
47804800
48491200
49177600
49864000
50550400
51236800
51923200
52609600
53296000
53982400
54668800
55355200
56041600
56728000
57414400
58100800
58787200
59473600
60160000
60846400
61532800
62219200
62905600
63592000
64278400
64964800
65651200
66337600
67024000
67710400
68396800
69083200
69769600
70456000
71142400
71828800
72515200
73201600
73888000
74574400
75260800
75947200
76633600
77320000
78006400
78692800
79379200
80065600
80752000
81438400
82124800
82811200
83497600
84184000
84870400
85556800
86243200
86929600
87616000
88302400
88988800
89675200
90361600
91048000
91734400
92420800
93107200
93793600
94480000
95166400
95852800
96539200
97225600
97912000
98598400
99284800
99971200
100657600
101344000
102030400
102716800
103403200
104089600
104776000
105462400
106148800
106835200
107521600
108208000
108894400
109580800
110267200
110953600
111640000
112326400
113012800
113699200
114385600
115072000
115758400
116444800
117131200
117817600
118504000
119190400
119876800
120563200
121249600
121936000
122622400
123308800
123995200
124681600
125368000
126054400
126740800
127427200
128113600
128800000
129486400
130172800
130859200
131545600
132232000
132918400
133604800
134291200
134977600
135664000
136350400
137036800
137723200
138409600
139096000
139782400
140468800
141155200
141841600
142528000
143214400
143900800
144587200
145273600
145960000
146646400
147332800
148019200
148705600
149392000
150078400
150764800
151451200
152137600
152824000
153510400
154196800
154883200
155569600
156256000
156942400
157628800
158315200
159001600
159688000
160374400
161060800
161747200
162433600
163120000
163806400
164492800
165179200
165865600
166552000
167238400
167924800
168611200
169297600
169984000
170670400
171356800
172043200
172729600
173416000
174102400
174788800
175475200
176161600
176848000
177534400
178220800
178907200
179593600
180280000
180966400
181652800
182339200
183025600
183712000
184398400
185084800
185771200
186457600
187144000
187830400
188516800
189203200
189889600
190576000
191262400
191948800
192635200
193321600
194008000
194694400
195380800
196067200
196753600
197440000
198126400
198812800
199499200
200185600
200872000
201558400
202244800
202931200
203617600
204304000
204990400
205676800
206363200
207049600
207736000
208422400
209108800
209795200
210481600
211168000
211854400
212540800
213227200
213913600
214600000
215286400
215972800
216659200
217345600
218032000
218718400
219404800
220091200
220777600
221464000
222150400
222836800
223523200
224209600
224896000
225582400
226268800
226955200
227641600
228328000
229014400
229700800
230387200
231073600
231760000
232446400
233132800
233819200
234505600
235192000
235878400
236564800
237251200
237937600
238624000
239310400
239996800
240683200
241369600
242056000
242742400
243428800
244115200
244801600
245488000
246174400
246860800
247547200
248233600
248920000
249606400
250292800
250979200
251665600
252352000
253038400
253724800
254411200
255097600
255784000
470400
1156800
1843200
2529600
3216000
3902400
4588800
5275200
5961600
6648000
7334400
8020800
8707200
9393600
10080000
10766400
11452800
12139200
12825600
13512000
14198400
14884800
15571200
16257600
16944000
17630400
18316800
19003200
19689600
20376000
21062400
21748800
22435200
23121600
23808000
24494400
25180800
25867200
26553600
27240000
27926400
28612800
29299200
29985600
30672000
31358400
32044800
32731200
33417600
34104000
34790400
35476800
36163200
36849600
37536000
38222400
38908800
39595200
40281600
40968000
41654400
42340800
43027200
43713600
44400000
45086400
45772800
46459200
47145600
47832000
48518400
49204800
49891200
50577600
51264000
51950400
52636800
53323200
54009600
54696000
55382400
56068800
56755200
57441600
58128000
58814400
59500800
60187200
60873600
61560000
62246400
62932800
63619200
64305600
64992000
65678400
66364800
67051200
67737600
68424000
69110400
69796800
70483200
71169600
71856000
72542400
73228800
73915200
74601600
75288000
75974400
76660800
77347200
78033600
78720000
79406400
80092800
80779200
81465600
82152000
82838400
83524800
84211200
84897600
85584000
86270400
86956800
87643200
88329600
89016000
89702400
90388800
91075200
91761600
92448000
93134400
93820800
94507200
95193600
95880000
96566400
97252800
97939200
98625600
99312000
99998400
100684800
101371200
102057600
102744000
103430400
104116800
104803200
105489600
106176000
106862400
107548800
108235200
108921600
109608000
110294400
110980800
111667200
112353600
113040000
113726400
114412800
115099200
115785600
116472000
117158400
117844800
118531200
119217600
119904000
120590400
121276800
121963200
122649600
123336000
124022400
124708800
125395200
126081600
126768000
127454400
128140800
128827200
129513600
130200000
130886400
131572800
132259200
132945600
133632000
134318400
135004800
135691200
136377600
137064000
137750400
138436800
139123200
139809600
140496000
141182400
141868800
142555200
143241600
143928000
144614400
145300800
145987200
146673600
147360000
148046400
148732800
149419200
150105600
150792000
151478400
152164800
152851200
153537600
154224000
154910400
155596800
156283200
156969600
157656000
158342400
159028800
159715200
160401600
161088000
161774400
162460800
163147200
163833600
164520000
165206400
165892800
166579200
167265600
167952000
168638400
169324800
170011200
170697600
171384000
172070400
172756800
173443200
174129600
174816000
175502400
176188800
176875200
177561600
178248000
178934400
179620800
180307200
180993600
181680000
182366400
183052800
183739200
184425600
185112000
185798400
186484800
187171200
187857600
188544000
189230400
189916800
190603200
191289600
191976000
192662400
193348800
194035200
194721600
195408000
196094400
196780800
197467200
198153600
198840000
199526400
200212800
200899200
201585600
202272000
202958400
203644800
204331200
205017600
205704000
206390400
207076800
207763200
208449600
209136000
209822400
210508800
211195200
211881600
212568000
213254400
213940800
214627200
215313600
216000000
216686400
217372800
218059200
218745600
219432000
220118400
220804800
221491200
222177600
222864000
223550400
224236800
224923200
225609600
226296000
226982400
227668800
228355200
229041600
229728000
230414400
231100800
231787200
232473600
233160000
233846400
234532800
235219200
235905600
236592000
237278400
237964800
238651200
239337600
240024000
240710400
241396800
242083200
242769600
243456000
244142400
244828800
245515200
246201600
246888000
247574400
248260800
248947200
249633600
250320000
251006400
251692800
252379200
253065600
253752000
254438400
255124800
255811200
497600
1184000
1870400
2556800
3243200
3929600
4616000
5302400
5988800
6675200
7361600
8048000
8734400
9420800
10107200
10793600
11480000
12166400
12852800
13539200
14225600
14912000
15598400
16284800
16971200
17657600
18344000
19030400
19716800
20403200
21089600
21776000
22462400
23148800
23835200
24521600
25208000
25894400
26580800
27267200
27953600
28640000
29326400
30012800
30699200
31385600
32072000
32758400
33444800
34131200
34817600
35504000
36190400
36876800
37563200
38249600
38936000
39622400
40308800
40995200
41681600
42368000
43054400
43740800
44427200
45113600
45800000
46486400
47172800
47859200
48545600
49232000
49918400
50604800
51291200
51977600
52664000
53350400
54036800
54723200
55409600
56096000
56782400
57468800
58155200
58841600
59528000
60214400
60900800
61587200
62273600
62960000
63646400
64332800
65019200
65705600
66392000
67078400
67764800
68451200
69137600
69824000
70510400
71196800
71883200
72569600
73256000
73942400
74628800
75315200
76001600
76688000
77374400
78060800
78747200
79433600
80120000
80806400
81492800
82179200
82865600
83552000
84238400
84924800
85611200
86297600
86984000
87670400
88356800
89043200
89729600
90416000
91102400
91788800
92475200
93161600
93848000
94534400
95220800
95907200
96593600
97280000
97966400
98652800
99339200
100025600
100712000
101398400
102084800
102771200
103457600
104144000
104830400
105516800
106203200
106889600
106576000
107262400
106948800
106635200
106321600
107008000
106694400
106380800
107067200
106753600
106440000
107126400
106812800
106499200
107185600
106872000
106558400
107244800
106931200
106617600
106304000
106990400
106676800
106363200
107049600
106736000
106422400
107108800
106795200
106481600
107168000
106854400
106540800
107227200
106913600
106600000
106286400
106972800
106659200
106345600
107032000
106718400
106404800
107091200
106777600
106464000
107150400
106836800
106523200
107209600
106896000
106582400
107268800
106955200
106641600
106328000
107014400
106700800
106387200
107073600
106760000
106446400
107132800
106819200
106505600
107192000
106878400
106564800
107251200
106937600
106624000
106310400
106996800
106683200
106369600
107056000
106742400
106428800
107115200
106801600
106488000
107174400
106860800
106547200
107233600
106920000
106606400
106292800
106979200
106665600
106352000
107038400
106724800
106411200
107097600
106784000
106470400
107156800
106843200
106529600
107216000
106902400
106588800
107275200
106961600
106648000
106334400
107020800
106707200
106393600
107080000
106766400
106452800
107139200
106825600
106512000
107198400
106884800
106571200
107257600
106944000
106630400
106316800
107003200
106689600
106376000
107062400
106748800
106435200
107121600
106808000
106494400
107180800
106867200
106553600
107240000
106926400
106612800
106299200
106985600
106672000
106358400
107044800
106731200
106417600
107104000
106790400
106476800
107163200
106849600
106536000
107222400
106908800
106595200
106281600
106968000
106654400
106340800
107027200
106713600
106400000
107086400
106772800
106459200
107145600
106832000
106518400
107204800
106891200
106577600
107264000
106950400
106636800
106323200
107009600
106696000
106382400
107068800
106755200
106441600
107128000
106814400
106500800
107187200
106873600
106560000
107246400
106932800
106619200
106305600
106992000
106678400
106364800
107051200
106737600
106424000
107110400
106796800
106483200
107169600
106856000
106542400
107228800
106915200
106601600
106288000
106974400
106660800
106347200
107033600
106720000
106406400
107092800
106779200
106465600
107152000
106838400
106524800
107211200
106897600
106584000
107270400
106956800
106643200
106329600
107016000
106702400
106388800
107075200
106761600
106448000
107134400
106820800
106507200
107193600
106880000
106566400
107252800
106939200
106625600
106312000
106998400
106684800
106371200
107057600
106744000
106430400
107116800
106803200
106489600
107176000
106862400
106548800
107235200
106921600
106608000
106294400
106980800
106667200
106353600
107040000
106726400
106412800
107099200
106785600
106472000
107158400
106844800
106531200
107217600
106904000
106590400
106276800
106963200
106649600
106336000
107022400
106708800
106395200
107081600
106768000
106454400
107140800
106827200
106513600
107200000
106886400
106572800
107259200
106945600
106632000
106318400
107004800
106691200
106377600
107064000
106750400
106436800
107123200
106809600
106496000
107182400
106868800
106555200
107241600
106928000
106614400
106300800
106987200
106673600
106360000
107046400
106732800
106419200
107105600
106792000
106478400
107164800
106851200
106537600
107224000
106910400
106596800
106283200
106969600
106656000
106342400
107028800
106715200
106401600
107088000
106774400
106460800
107147200
106833600
106520000
107206400
106892800
106579200
107265600
106952000
106638400
106324800
107011200
106697600
106384000
107070400
106756800
106443200
107129600
106816000
106502400
107188800
106875200
106561600
107248000
106934400
106620800
106307200
106993600
106680000
106366400
107052800
106739200
106425600
107112000
106798400
106484800
107171200
106857600
106544000
107230400
106916800
106603200
106289600
106976000
106662400
106348800
107035200
106721600
106408000
107094400
106780800
106467200
107153600
106840000
106526400
107212800
106899200
106585600
107272000
106958400
106644800
106331200
107017600
106704000
106390400
107076800
106763200
106449600
107136000
106822400
106508800
107195200
106881600
106568000
107254400
106940800
106627200
106313600
107000000
106686400
106372800
107059200
106745600
106432000
107118400
106804800
106491200
107177600
106864000
106550400
107236800
106923200
106609600
106296000
106982400
106668800
106355200
107041600
106728000
106414400
107100800
106787200
106473600
107160000
106846400
106532800
107219200
106905600
106592000
106278400
106964800
106651200
106337600
107024000
106710400
106396800
107083200
106769600
106456000
107142400
106828800
106515200
107201600
106888000
106574400
107260800
106947200
106633600
106320000
107006400
106692800
106379200
107065600
106752000
106438400
107124800
106811200
106497600
107184000
106870400
106556800
107243200
106929600
106616000
106302400
106988800
106675200
106361600
107048000
106734400
106420800
107107200
106793600
106480000
107166400
106852800
106539200
107225600
106912000
106598400
106284800
106971200
106657600
106344000
107030400
106716800
106403200
107089600
106776000
106462400
107148800
106835200
106521600
107208000
106894400
106580800
107267200
106953600
106640000
106326400
107012800
106699200
106385600
107072000
106758400
106444800
107131200
106817600
106504000
107190400
106876800
106563200
107249600
106936000
106622400
106308800
106995200
106681600
106368000
107054400
106740800
106427200
107113600
106800000
106486400
107172800
106859200
106545600
107232000
106918400
106604800
106291200
106977600
106664000
106350400
107036800
106723200
106409600
107096000
106782400
106468800
107155200
106841600
106528000
107214400
106900800
106587200
107273600
106960000
106646400
106332800
107019200
106705600
106392000
107078400
106764800
106451200
107137600
106824000
106510400
107196800
106883200
106569600
107256000
106942400
106628800
106315200
107001600
106688000
106374400
107060800
106747200
106433600
107120000
106806400
106492800
107179200
106865600
106552000
107238400
106924800
106611200
106297600
106984000
106670400
106356800
107043200
106729600
106416000
107102400
106788800
106475200
107161600
106848000
106534400
107220800
106907200
106593600
106280000
106966400
106652800
106339200
107025600
106712000
106398400
107084800
106771200
106457600
107144000
106830400
106516800
107203200
106889600
106576000
107262400
106948800
106635200
106321600
107008000
106694400
106380800
107067200
106753600
106440000
107126400
106812800
106499200
107185600
106872000
106558400
107244800
106931200
106617600
106304000
106990400
106676800
106363200
107049600
106736000
106422400
107108800
106795200
106481600
107168000
106854400
106540800
107227200
106913600
106600000
106286400
106972800
106659200
106345600
107032000
106718400
106404800
107091200
106777600
106464000
107150400
106836800
106523200
107209600
106896000
106582400
107268800
106955200
106641600
106328000
107014400
106700800
106387200
107073600
106760000
106446400
107132800
106819200
106505600
107192000
106878400
106564800
107251200
106937600
106624000
106310400
106996800
106683200
106369600
107056000
106742400
106428800
107115200
106801600
106488000
107174400
106860800
106547200
107233600
106920000
106606400
106292800
106979200
106665600
106352000
107038400
106724800
106411200
107097600
106784000
106470400
107156800
106843200
106529600
107216000
106902400
106588800
107275200
106961600
106648000
106334400
107020800
106707200
106393600
107080000
106766400
106452800
107139200
106825600
106512000
107198400
106884800
106571200
107257600
106944000
106630400
106316800
107003200
106689600
106376000
107062400
106748800
106435200
107121600
106808000
106494400
107180800
106867200
106553600
107240000
106926400
106612800
106299200
106985600
106672000
106358400
107044800
106731200
106417600
107104000
106790400
106476800
107163200
106849600
106536000
107222400
106908800
106595200
106281600
106968000
106654400
106340800
107027200
106713600
106400000
107086400
106772800
106459200
107145600
106832000
106518400
107204800
106891200
106577600
107264000
106950400
106636800
106323200
107009600
106696000
106382400
107068800
106755200
106441600
107128000
106814400
106500800
107187200
106873600
106560000
107246400
106932800
106619200
106305600
106992000
106678400
106364800
107051200
106737600
106424000
107110400
106796800
106483200
107169600
106856000
106542400
107228800
106915200
106601600
106288000
106974400
106660800
106347200
107033600
106720000
106406400
107092800
106779200
106465600
107152000
106838400
106524800
107211200
106897600
106584000
107270400
106956800
106643200
106329600
107016000
106702400
106388800
107075200
106761600
106448000
107134400
106820800
106507200
107193600
106880000
106566400
107252800
106939200
106625600
106312000
106998400
106684800
106371200
107057600
106744000
106430400
107116800
106803200
106489600
107176000
106862400
106548800
107235200
106921600
106608000
106294400
106980800
106667200
106353600
107040000
106726400
106412800
107099200
106785600
106472000
107158400
106844800
106531200
107217600
106904000
106590400
106276800
106963200
106649600
106336000
107022400
106708800
106395200
107081600
106768000
106454400
107140800
106827200
106513600
107200000
106886400
106572800
107259200
106945600
106632000
106318400
107004800
106691200
106377600
107064000
106750400
106436800
107123200
106809600
106496000
107182400
106868800
106555200
107241600
106928000
106614400
106300800
106987200
106673600
106360000
107046400
106732800
106419200
107105600
106792000
106478400
107164800
106851200
106537600
107224000
106910400
106596800
106283200
106969600
106656000
106342400
107028800
106715200
106401600
107088000
106774400
106460800
107147200
106833600
106520000
107206400
106892800
106579200
107265600
106952000
106638400
106324800
107011200
106697600
106384000
107070400
106756800
106443200
107129600
106816000
106502400
107188800
106875200
106561600
107248000
106934400
106620800
106307200
106993600
106680000
106366400
107052800
106739200
106425600
107112000
106798400
106484800
107171200
106857600
106544000
107230400
106916800
106603200
106289600
106976000
106662400
106348800
107035200
106721600
106408000
107094400
106780800
106467200
107153600
106840000
106526400
107212800
106899200
106585600
107272000
106958400
106644800
106331200
107017600
106704000
106390400
107076800
106763200
106449600
107136000
106822400
106508800
107195200
106881600
106568000
107254400
106940800
106627200
106313600
107000000
106686400
106372800
107059200
106745600
106432000
107118400
106804800
106491200
107177600
106864000
106550400
107236800
106923200
106609600
106296000
106982400
106668800
106355200
107041600
106728000
106414400
107100800
106787200
106473600
107160000
106846400
106532800
107219200
106905600
106592000
106278400
106964800
106651200
106337600
107024000
106710400
106396800
107083200
106769600
106456000
107142400
106828800
106515200
107201600
106888000
106574400
107260800
106947200
106633600
106320000
107006400
106692800
106379200
107065600
106752000
106438400
107124800
106811200
106497600
107184000
106870400
106556800
107243200
106929600
106616000
106302400
106988800
106675200
106361600
107048000
106734400
106420800
107107200
106793600
106480000
107166400
106852800
106539200
107225600
106912000
106598400
106284800
106971200
106657600
106344000
107030400
106716800
106403200
107089600
106776000
106462400
107148800
106835200
106521600
107208000
106894400
106580800
107267200
106953600
106640000
106326400
107012800
106699200
106385600
107072000
106758400
106444800
107131200
106817600
106504000
107190400
106876800
106563200
107249600
106936000
106622400
106308800
106995200
106681600
106368000
107054400
106740800
106427200
107113600
106800000
106486400
107172800
106859200
106545600
107232000
106918400
106604800
106291200
106977600
106664000
106350400
107036800
106723200
106409600
107096000
106782400
106468800
107155200
106841600
106528000
107214400
106900800
106587200
107273600
106960000
106646400
106332800
107019200
106705600
106392000
107078400
106764800
106451200
107137600
106824000
106510400
107196800
106883200
106569600
107256000
106942400
106628800
106315200
107001600
106688000
106374400
107060800
106747200
106433600
107120000
106806400
106492800
107179200
106865600
106552000
107238400
106924800
106611200
106297600
106984000
106670400
106356800
107043200
106729600
106416000
107102400
106788800
106475200
107161600
106848000
106534400
107220800
106907200
106593600
106280000
106966400
106652800
106339200
107025600
106712000
106398400
107084800
106771200
106457600
107144000
106830400
106516800
107203200
106889600
106576000
107262400
106948800
106635200
106321600
107008000
106694400
106380800
107067200
106753600
106440000
107126400
106812800
106499200
107185600
106872000
106558400
107244800
106931200
106617600
106304000
106990400
106676800
106363200
107049600
106736000
106422400
107108800
106795200
106481600
107168000
106854400
106540800
107227200
106913600
106600000
106286400
106972800
106659200
106345600
107032000
106718400
106404800
107091200
106777600
106464000
107150400
106836800
106523200
107209600
106896000
106582400
107268800
106955200
106641600
106328000
107014400
106700800
106387200
107073600
106760000
106446400
107132800
106819200
106505600
107192000
106878400
106564800
107251200
106937600
106624000
106310400
106996800
106683200
106369600
107056000
106742400
106428800
107115200
106801600
106488000
107174400
106860800
106547200
107233600
106920000
106606400
106292800
106979200
106665600
106352000
107038400
106724800
106411200
107097600
106784000
106470400
107156800
106843200
106529600
107216000
106902400
106588800
107275200
106961600
106648000
106334400
107020800
106707200
106393600
107080000
106766400
106452800
107139200
106825600
106512000
107198400
106884800
106571200
107257600
106944000
106630400
106316800
107003200
106689600
106376000
107062400
106748800
106435200
107121600
106808000
106494400
107180800
106867200
106553600
107240000
106926400
106612800
106299200
106985600
106672000
106358400
107044800
106731200
106417600
107104000
106790400
106476800
107163200
106849600
106536000
107222400
106908800
106595200
106281600
106968000
106654400
106340800
107027200
106713600
106400000
107086400
106772800
106459200
107145600
106832000
106518400
107204800
106891200
106577600
107264000
106950400
106636800
106323200
107009600
106696000
106382400
107068800
106755200
106441600
107128000
106814400
106500800
107187200
106873600
106560000
107246400
106932800
106619200
106305600
106992000
106678400
106364800
107051200
106737600
106424000
107110400
106796800
106483200
107169600
106856000
106542400
107228800
106915200
106601600
106288000
106974400
106660800
106347200
107033600
106720000
106406400
107092800
106779200
106465600
107152000
106838400
106524800
107211200
106897600
106584000
107270400
106956800
106643200
106329600
107016000
106702400
106388800
107075200
106761600
106448000
107134400
106820800
106507200
107193600
106880000
106566400
107252800
106939200
106625600
106312000
106998400
106684800
106371200
107057600
106744000
106430400
107116800
106803200
106489600
107176000
106862400
106548800
107235200
106921600
106608000
106294400
106980800
106667200
106353600
107040000
106726400
106412800
107099200
106785600
106472000
107158400
106844800
106531200
107217600
106904000
106590400
106276800
106963200
106649600
106336000
107022400
106708800
106395200
107081600
106768000
106454400
107140800
106827200
106513600
107200000
106886400
106572800
107259200
106945600
106632000
106318400
107004800
106691200
106377600
107064000
106750400
106436800
107123200
106809600
106496000
107182400
106868800
106555200
107241600
106928000
106614400
106300800
106987200
106673600
106360000
107046400
106732800
106419200
107105600
106792000
106478400
107164800
106851200
106537600
107224000
106910400
106596800
106283200
106969600
106656000
106342400
107028800
106715200
106401600
107088000
106774400
106460800
107147200
106833600
106520000
107206400
106892800
106579200
107265600
106952000
106638400
106324800
107011200
106697600
106384000
107070400
106756800
106443200
107129600
106816000
106502400
107188800
106875200
106561600
107248000
106934400
106620800
106307200
106993600
106680000
106366400
107052800
106739200
106425600
107112000
106798400
106484800
107171200
106857600
106544000
107230400
106916800
106603200
106289600
106976000
106662400
106348800
107035200
106721600
106408000
107094400
106780800
106467200
107153600
106840000
106526400
107212800
106899200
106585600
107272000
106958400
106644800
106331200
107017600
106704000
106390400
107076800
106763200
106449600
107136000
106822400
106508800
107195200
106881600
106568000
107254400
106940800
106627200
106313600
107000000
106686400
106372800
107059200
106745600
106432000
107118400
106804800
106491200
107177600
106864000
106550400
107236800
106923200
106609600
106296000
106982400
106668800
106355200
107041600
106728000
106414400
107100800
106787200
106473600
107160000
106846400
106532800
107219200
106905600
106592000
106278400
106964800
106651200
106337600
107024000
106710400
106396800
107083200
106769600
106456000
107142400
106828800
106515200
107201600
106888000
106574400
107260800
106947200
106633600
106320000
107006400
106692800
106379200
107065600
106752000
106438400
107124800
106811200
106497600
107184000
106870400
106556800
107243200
106929600
106616000
106302400
106988800
106675200
106361600
107048000
106734400
106420800
107107200
106793600
106480000
107166400
106852800
106539200
107225600
106912000
106598400
106284800
106971200
106657600
106344000
107030400
106716800
106403200
107089600
106776000
106462400
107148800
106835200
106521600
107208000
106894400
106580800
107267200
106953600
106640000
106326400
107012800
106699200
106385600
107072000
106758400
106444800
107131200
106817600
106504000
107190400
106876800
106563200
107249600
106936000
106622400
106308800
106995200
106681600
106368000
107054400
106740800
106427200
107113600
106800000
106486400
107172800
106859200
106545600
107232000
106918400
106604800
106291200
106977600
106664000
106350400
107036800
106723200
106409600
107096000
106782400
106468800
107155200
106841600
106528000
107214400
106900800
106587200
107273600
106960000
106646400
106332800
107019200
106705600
106392000
107078400
106764800
106451200
107137600
106824000
106510400
107196800
106883200
106569600
107256000
106942400
106628800
106315200
107001600
106688000
106374400
107060800
106747200
106433600
107120000
106806400
106492800
107179200
106865600
106552000
107238400
106924800
106611200
106297600
106984000
106670400
106356800
107043200
106729600
106416000
107102400
106788800
106475200
107161600
106848000
106534400
107220800
106907200
106593600
106280000
106966400
106652800
106339200
107025600
106712000
106398400
107084800
106771200
106457600
107144000
106830400
106516800
107203200
106889600
106576000
107262400
106948800
106635200
106321600
107008000
106694400
106380800
107067200
106753600
106440000
107126400
106812800
106499200
107185600
106872000
106558400
107244800
106931200
106617600
106304000
106990400
106676800
106363200
107049600
106736000
106422400
107108800
106795200
106481600
107168000
106854400
106540800
107227200
106913600
106600000
106286400
106972800
106659200
106345600
107032000
106718400
106404800
107091200
106777600
106464000
107150400
106836800
106523200
107209600
106896000
106582400
107268800
106955200
106641600
106328000
107014400
106700800
106387200
107073600
106760000
106446400
107132800
106819200
106505600
107192000
106878400
106564800
107251200
106937600
106624000
106310400
106996800
106683200
106369600
107056000
106742400
106428800
107115200
106801600
106488000
107174400
106860800
106547200
107233600
106920000
106606400
106292800
106979200
106665600
106352000
107038400
106724800
106411200
107097600
106784000
106470400
107156800
106843200
106529600
107216000
106902400
106588800
107275200
106961600
106648000
106334400
107020800
106707200
106393600
107080000
106766400
106452800
107139200
106825600
106512000
107198400
106884800
106571200
107257600
106944000
106630400
106316800
107003200
106689600
106376000
107062400
106748800
106435200
107121600
106808000
106494400
107180800
106867200
106553600
107240000
106926400
106612800
106299200
106985600
