44236800
44923200
45609600
46296000
46982400
47668800
48355200
49041600
49728000
50414400
51100800
51787200
52473600
53160000
53846400
54532800
55219200
55905600
56592000
57278400
57964800
58651200
59337600
60024000
60710400
61396800
62083200
62769600
63456000
64142400
64828800
65515200
66201600
66888000
67574400
68260800
68947200
69633600
70320000
71006400
71692800
72379200
73065600
73752000
74438400
75124800
75811200
76497600
77184000
77870400
78556800
79243200
79929600
80616000
81302400
81988800
82675200
83361600
84048000
84734400
85420800
86107200
86793600
87480000
88166400
88852800
89539200
90225600
90912000
91598400
92284800
92971200
93657600
94344000
95030400
95716800
96403200
97089600
97776000
98462400
99148800
99835200
100521600
101208000
101894400
102580800
103267200
103953600
104640000
105326400
106012800
106699200
107385600
108072000
108758400
109444800
110131200
110817600
111504000
112190400
112876800
113563200
114249600
114936000
115622400
116308800
116995200
117681600
118368000
119054400
119740800
120427200
121113600
121800000
122486400
123172800
123859200
124545600
125232000
125918400
126604800
127291200
127977600
128664000
129350400
130036800
130723200
131409600
132096000
132782400
133468800
134155200
134841600
135528000
136214400
136900800
137587200
138273600
138960000
139646400
140332800
141019200
141705600
142392000
143078400
143764800
144451200
145137600
145824000
146510400
147196800
147883200
148569600
149256000
149942400
150628800
151315200
152001600
152688000
153374400
154060800
154747200
155433600
156120000
156806400
157492800
158179200
158865600
159552000
160238400
160924800
161611200
162297600
162984000
163670400
164356800
165043200
165729600
166416000
167102400
167788800
168475200
169161600
169848000
170534400
171220800
171907200
172593600
173280000
173966400
174652800
175339200
176025600
176712000
177398400
178084800
178771200
179457600
180144000
180830400
181516800
182203200
182889600
183576000
184262400
184948800
185635200
186321600
187008000
187694400
188380800
189067200
189753600
190440000
191126400
191812800
192499200
193185600
193872000
194558400
195244800
195931200
196617600
197304000
197990400
198676800
199363200
200049600
200736000
201422400
202108800
202795200
203481600
204168000
204854400
205540800
206227200
206913600
207600000
208286400
208972800
209659200
210345600
211032000
211718400
212404800
213091200
213777600
214464000
215150400
215836800
216523200
217209600
217896000
218582400
219268800
219955200
220641600
221328000
222014400
222700800
223387200
224073600
224760000
225446400
226132800
226819200
227505600
228192000
228878400
229564800
230251200
230937600
231624000
232310400
232996800
233683200
234369600
235056000
235742400
236428800
237115200
237801600
238488000
239174400
239860800
240547200
241233600
241920000
242606400
243292800
243979200
244665600
245352000
246038400
246724800
247411200
248097600
248784000
249470400
250156800
250843200
251529600
252216000
252902400
253588800
254275200
254961600
255648000
256334400
257020800
257707200
258393600
259080000
259766400
260452800
261139200
261825600
262512000
263198400
263884800
264571200
265257600
265944000
266630400
267316800
268003200
268689600
269376000
270062400
270748800
271435200
272121600
272808000
273494400
274180800
274867200
275553600
276240000
276926400
277612800
278299200
278985600
279672000
280358400
281044800
281731200
282417600
283104000
283790400
284476800
285163200
285849600
286536000
287222400
287908800
288595200
289281600
289968000
290654400
291340800
292027200
292713600
293400000
294086400
294772800
295459200
296145600
296832000
297518400
298204800
298891200
299577600
300264000
300950400
301636800
302323200
303009600
303696000
304382400
305068800
305755200
306441600
307128000
307814400
308500800
309187200
309873600
310560000
311246400
311932800
312619200
313305600
313992000
314678400
315364800
316051200
316737600
317424000
318110400
318796800
319483200
320169600
320856000
321542400
322228800
322915200
323601600
324288000
324974400
325660800
326347200
327033600
327720000
328406400
329092800
329779200
330465600
331152000
331838400
332524800
333211200
333897600
334584000
335270400
335956800
336643200
337329600
338016000
338702400
339388800
340075200
340761600
341448000
342134400
342820800
343507200
344193600
344880000
345566400
346252800
346939200
347625600
348312000
348998400
349684800
350371200
351057600
351744000
352430400
353116800
353803200
354489600
355176000
355862400
356548800
357235200
357921600
358608000
359294400
359980800
360667200
361353600
362040000
362726400
363412800
364099200
364785600
365472000
366158400
366844800
367531200
368217600
368904000
369590400
370276800
370963200
371649600
372336000
373022400
373708800
374395200
375081600
375768000
376454400
377140800
377827200
378513600
379200000
379886400
380572800
381259200
381945600
382632000
383318400
384004800
384691200
385377600
386064000
386750400
387436800
388123200
388809600
389496000
390182400
390868800
391555200
392241600
392928000
393614400
394300800
394987200
395673600
396360000
397046400
397732800
398419200
399105600
399792000
400478400
401164800
401851200
402537600
403224000
403910400
404596800
405283200
405969600
406656000
407342400
408028800
408715200
409401600
410088000
410774400
411460800
412147200
412833600
413520000
414206400
414892800
415579200
416265600
416952000
417638400
418324800
419011200
419697600
420384000
421070400
421756800
422443200
423129600
423816000
424502400
425188800
425875200
426561600
427248000
427934400
428620800
429307200
429993600
430680000
431366400
432052800
432739200
433425600
434112000
434798400
435484800
436171200
436857600
437544000
438230400
438916800
439603200
440289600
440976000
441662400
442348800
443035200
443721600
444408000
445094400
445780800
446467200
447153600
447840000
448526400
449212800
449899200
450585600
451272000
451958400
452644800
453331200
454017600
454704000
455390400
456076800
456763200
457449600
458136000
458822400
459508800
460195200
460881600
461568000
462254400
462940800
463627200
464313600
465000000
465686400
466372800
467059200
467745600
468432000
469118400
469804800
470491200
471177600
471864000
472550400
473236800
473923200
474609600
475296000
475982400
476668800
477355200
478041600
478728000
479414400
480100800
480787200
481473600
482160000
482846400
483532800
484219200
484905600
485592000
486278400
486964800
487651200
488337600
489024000
489710400
490396800
491083200
491769600
492456000
493142400
493828800
494515200
495201600
495888000
496574400
497260800
497947200
498633600
499320000
500006400
500692800
501379200
502065600
502752000
503438400
504124800
504811200
505497600
506184000
506870400
507556800
508243200
508929600
509616000
510302400
510988800
511675200
512361600
513048000
513734400
514420800
515107200
515793600
516480000
517166400
517852800
518539200
519225600
519912000
520598400
521284800
521971200
522657600
523344000
524030400
524716800
525403200
526089600
526776000
527462400
528148800
528835200
529521600
530208000
530894400
531580800
532267200
532953600
533640000
534326400
535012800
535699200
536385600
537072000
537758400
538444800
539131200
539817600
540504000
541190400
541876800
542563200
543249600
543936000
544622400
545308800
545995200
546681600
547368000
548054400
548740800
549427200
550113600
550800000
551486400
552172800
552859200
553545600
554232000
554918400
555604800
556291200
556977600
557664000
558350400
559036800
559723200
560409600
561096000
561782400
562468800
563155200
563841600
564528000
565214400
565900800
566587200
567273600
567960000
568646400
569332800
570019200
570705600
571392000
572078400
572764800
573451200
574137600
574824000
575510400
576196800
576883200
577569600
578256000
578942400
579628800
580315200
581001600
581688000
582374400
583060800
583747200
584433600
585120000
585806400
586492800
587179200
587865600
588552000
589238400
589924800
590611200
591297600
591984000
592670400
593356800
594043200
594729600
595416000
596102400
596788800
597475200
598161600
598848000
599534400
600220800
600907200
601593600
602280000
602966400
603652800
604339200
605025600
605712000
606398400
607084800
607771200
608457600
609144000
609830400
610516800
611203200
611889600
612576000
613262400
613948800
614635200
615321600
616008000
616694400
617380800
618067200
618753600
619440000
620126400
620812800
621499200
622185600
622872000
623558400
624244800
624931200
625617600
626304000
626990400
627676800
628363200
629049600
629736000
630422400
631108800
631795200
632481600
633168000
633854400
634540800
635227200
635913600
636600000
637286400
637972800
638659200
639345600
640032000
640718400
641404800
642091200
642777600
643464000
644150400
644836800
645523200
646209600
646896000
647582400
648268800
648955200
649641600
650328000
651014400
651700800
652387200
653073600
653760000
654446400
655132800
655819200
656505600
657192000
657878400
658564800
659251200
659937600
660624000
661310400
661996800
662683200
663369600
664056000
664742400
665428800
666115200
666801600
667488000
668174400
668860800
669547200
670233600
670920000
671606400
672292800
672979200
673665600
674352000
675038400
675724800
676411200
677097600
677784000
678470400
679156800
679843200
680529600
681216000
681902400
682588800
683275200
683961600
684648000
685334400
686020800
686707200
687393600
688080000
688766400
689452800
690139200
690825600
691512000
692198400
692884800
693571200
694257600
694944000
695630400
696316800
697003200
697689600
698376000
699062400
699748800
700435200
701121600
701808000
702494400
703180800
703867200
704553600
705240000
705926400
706612800
707299200
707985600
708672000
709358400
710044800
710731200
711417600
712104000
712790400
713476800
714163200
714849600
715536000
716222400
716908800
717595200
718281600
718968000
719654400
720340800
721027200
721713600
722400000
723086400
723772800
724459200
725145600
725832000
726518400
727204800
727891200
728577600
729264000
729950400
730636800
731323200
732009600
732696000
733382400
734068800
734755200
735441600
736128000
736814400
737500800
738187200
738873600
739560000
740246400
740932800
741619200
742305600
742992000
743678400
744364800
745051200
745737600
746424000
747110400
747796800
748483200
749169600
749856000
750542400
751228800
751915200
752601600
753288000
753974400
754660800
755347200
756033600
756720000
757406400
758092800
758779200
759465600
760152000
760838400
761524800
762211200
762897600
763584000
764270400
764956800
765643200
766329600
767016000
767702400
768388800
769075200
769761600
770448000
771134400
771820800
772507200
773193600
773880000
774566400
775252800
775939200
776625600
777312000
777998400
778684800
779371200
780057600
780744000
781430400
782116800
782803200
783489600
784176000
784862400
785548800
786235200
786921600
787608000
788294400
788980800
789667200
790353600
791040000
791726400
792412800
793099200
793785600
794472000
795158400
795844800
796531200
797217600
797904000
798590400
799276800
799963200
800649600
801336000
802022400
802708800
803395200
804081600
804768000
805454400
806140800
806827200
807513600
808200000
808886400
809572800
810259200
810945600
811632000
812318400
813004800
813691200
814377600
815064000
815750400
816436800
817123200
817809600
818496000
819182400
819868800
820555200
821241600
821928000
822614400
823300800
823987200
824673600
825360000
826046400
826732800
827419200
828105600
828792000
829478400
830164800
830851200
831537600
832224000
832910400
833596800
834283200
834969600
835656000
836342400
837028800
837715200
838401600
839088000
839774400
840460800
841147200
841833600
842520000
843206400
843892800
844579200
845265600
845952000
846638400
847324800
848011200
848697600
849384000
850070400
850756800
851443200
852129600
852816000
853502400
854188800
854875200
855561600
856248000
856934400
857620800
858307200
858993600
859680000
860366400
861052800
861739200
862425600
863112000
863798400
864484800
865171200
865857600
866544000
867230400
867916800
868603200
869289600
869976000
870662400
871348800
872035200
872721600
873408000
874094400
874780800
875467200
876153600
876840000
877526400
878212800
878899200
879585600
880272000
880958400
881644800
882331200
883017600
883704000
884390400
885076800
885763200
886449600
887136000
887822400
888508800
889195200
889881600
890568000
891254400
891940800
892627200
893313600
894000000
894686400
895372800
896059200
896745600
897432000
898118400
898804800
899491200
900177600
900864000
901550400
902236800
902923200
903609600
904296000
904982400
905668800
906355200
907041600
907728000
908414400
909100800
909787200
910473600
911160000
911846400
912532800
913219200
913905600
914592000
915278400
915964800
916651200
917337600
918024000
918710400
919396800
920083200
920769600
921456000
922142400
922828800
923515200
924201600
924888000
925574400
926260800
926947200
927633600
928320000
929006400
929692800
930379200
931065600
931752000
932438400
933124800
933811200
934497600
935184000
935870400
936556800
937243200
937929600
938616000
939302400
939988800
940675200
941361600
942048000
942734400
943420800
944107200
944793600
945480000
946166400
946852800
947539200
948225600
948912000
949598400
950284800
950971200
951657600
952344000
953030400
953716800
954403200
955089600
955776000
956462400
957148800
957835200
958521600
959208000
959894400
960580800
961267200
961953600
962640000
963326400
964012800
964699200
965385600
966072000
966758400
967444800
968131200
968817600
969504000
970190400
970876800
971563200
972249600
972936000
973622400
974308800
974995200
975681600
976368000
977054400
977740800
978427200
979113600
979800000
980486400
981172800
981859200
982545600
983232000
983918400
984604800
985291200
985977600
986664000
987350400
988036800
988723200
989409600
990096000
990782400
991468800
992155200
992841600
993528000
994214400
994900800
995587200
996273600
996960000
997646400
998332800
999019200
999705600
1000392000
1001078400
1001764800
1002451200
1003137600
1003824000
1004510400
1005196800
1005883200
1006569600
1007256000
1007942400
1008628800
1009315200
1010001600
1010688000
1011374400
1012060800
1012747200
1013433600
1014120000
1014806400
1015492800
1016179200
1016865600
1017552000
1018238400
1018924800
1019611200
1020297600
1020984000
1021670400
1022356800
1023043200
1023729600
1024416000
1025102400
1025788800
1026475200
1027161600
1027848000
1028534400
1029220800
1029907200
1030593600
1031280000
1031966400
1032652800
1033339200
1034025600
1034712000
1035398400
1036084800
1036771200
1037457600
1038144000
1038830400
1039516800
1040203200
1040889600
1041576000
1042262400
1042948800
1043635200
1044321600
1045008000
1045694400
1046380800
1047067200
1047753600
1048440000
1049126400
1049812800
1050499200
1051185600
1051872000
1052558400
1053244800
1053931200
1054617600
1055304000
1055990400
1056676800
1057363200
1058049600
1058736000
1059422400
1060108800
1060795200
1061481600
1062168000
1062854400
1063540800
1064227200
1064913600
1065600000
1066286400
1066972800
1067659200
1068345600
1069032000
1069718400
1070404800
1071091200
1071777600
1072464000
1073150400
1073836800
1074523200
1075209600
1075896000
1076582400
1077268800
1077955200
1078641600
1079328000
1080014400
1080700800
1081387200
1082073600
1082760000
1083446400
1084132800
1084819200
1085505600
1086192000
1086878400
1087564800
1088251200
1088937600
1089624000
1090310400
1090996800
1091683200
1092369600
1093056000
1093742400
1094428800
1095115200
1095801600
1096488000
1097174400
1097860800
1098547200
1099233600
1099920000
1100606400
1101292800
1101979200
1102665600
1103352000
1104038400
1104724800
1105411200
1106097600
1106784000
1107470400
1108156800
1108843200
1109529600
1110216000
1110902400
1111588800
1112275200
1112961600
1113648000
1114334400
1115020800
1115707200
1116393600
1117080000
1117766400
1118452800
1119139200
1119825600
1120512000
1121198400
1121884800
1122571200
1123257600
1123944000
1124630400
1125316800
1126003200
1126689600
1127376000
1128062400
1128748800
1129435200
1130121600
1130808000
1131494400
1132180800
1132867200
1133553600
1134240000
1134926400
1135612800
1136299200
1136985600
1137672000
1138358400
1139044800
1139731200
1140417600
1141104000
1141790400
1142476800
1143163200
1143849600
1144536000
1145222400
1145908800
1146595200
1147281600
1147968000
1148654400
1149340800
1150027200
1150713600
1151400000
1152086400
1152772800
1153459200
1154145600
1154832000
1155518400
1156204800
1156891200
1157577600
1158264000
1158950400
1159636800
1160323200
1161009600
1161696000
1162382400
1163068800
1163755200
1164441600
1165128000
1165814400
1166500800
1167187200
1167873600
1168560000
1169246400
1169932800
1170619200
1171305600
1171992000
1172678400
1173364800
1174051200
1174737600
1175424000
1176110400
1176796800
1177483200
1178169600
1178856000
1179542400
1180228800
1180915200
1181601600
1182288000
1182974400
1183660800
1184347200
1185033600
1185720000
1186406400
1187092800
1187779200
1188465600
1189152000
1189838400
1190524800
1191211200
1191897600
1192584000
1193270400
1193956800
1194643200
1195329600
1196016000
1196702400
1197388800
1198075200
1198761600
1199448000
1200134400
1200820800
1201507200
1202193600
1202880000
1203566400
1204252800
1204939200
1205625600
1206312000
1206998400
1207684800
1208371200
1209057600
1209744000
1210430400
1211116800
1211803200
1212489600
1213176000
1213862400
1214548800
1215235200
1215921600
1216608000
1217294400
1217980800
1218667200
1219353600
1220040000
1220726400
1221412800
1222099200
1222785600
1223472000
1224158400
1224844800
1225531200
1226217600
1226904000
1227590400
1228276800
1228963200
1229649600
1230336000
1231022400
1231708800
1232395200
1233081600
1233768000
1234454400
1235140800
1235827200
1236513600
1237200000
1237886400
1238572800
1239259200
1239945600
1240632000
1241318400
1242004800
1242691200
1243377600
1244064000
1244750400
1245436800
1246123200
1246809600
1247496000
1248182400
1248868800
1249555200
1250241600
1250928000
1251614400
1252300800
1252987200
1253673600
1254360000
1255046400
1255732800
1256419200
1257105600
1257792000
1258478400
1259164800
1259851200
1260537600
1261224000
1261910400
1262596800
1263283200
1263969600
1264656000
1265342400
1266028800
1266715200
1267401600
1268088000
1268774400
1269460800
1270147200
1270833600
1271520000
1272206400
1272892800
1273579200
1274265600
1274952000
1275638400
1276324800
1277011200
1277697600
1278384000
1279070400
1279756800
1280443200
1281129600
1281816000
1282502400
1283188800
1283875200
1284561600
1285248000
1285934400
1286620800
1287307200
1287993600
1288680000
1289366400
1290052800
1290739200
1291425600
1292112000
1292798400
1293484800
1294171200
1294857600
1295544000
1296230400
1296916800
1297603200
1298289600
1298976000
1299662400
1300348800
1301035200
1301721600
1302408000
1303094400
1303780800
1304467200
1305153600
1305840000
1306526400
1307212800
1307899200
1308585600
1309272000
1309958400
1310644800
1311331200
1312017600
1312704000
1313390400
1314076800
1314763200
1315449600
1316136000
1316822400
1317508800
1318195200
1318881600
1319568000
1320254400
1320940800
1321627200
1322313600
1323000000
1323686400
1324372800
1325059200
1325745600
1326432000
1327118400
1327804800
1328491200
1329177600
1329864000
1330550400
1331236800
1331923200
1332609600
1333296000
1333982400
1334668800
1335355200
1336041600
1336728000
1337414400
1338100800
1338787200
1339473600
1340160000
1340846400
1341532800
1342219200
1342905600
1343592000
1344278400
1344964800
1345651200
1346337600
1347024000
1347710400
1348396800
1349083200
1349769600
1350456000
1351142400
1351828800
1352515200
1353201600
1353888000
1354574400
1355260800
1355947200
1356633600
1357320000
1358006400
1358692800
1359379200
1360065600
1360752000
1361438400
1362124800
1362811200
1363497600
1364184000
1364870400
1365556800
1366243200
1366929600
1367616000
1368302400
1368988800
1369675200
1370361600
1371048000
1371734400
1372420800
1373107200
1373793600
1374480000
1375166400
1375852800
1376539200
1377225600
1377912000
1378598400
1379284800
1379971200
1380657600
1381344000
1382030400
1382716800
1383403200
1384089600
1384776000
1385462400
1386148800
1386835200
1387521600
1388208000
1388894400
1389580800
1390267200
1390953600
1391640000
1392326400
1393012800
1393699200
1394385600
1395072000
1395758400
1396444800
1397131200
1397817600
1398504000
1399190400
1399876800
1400563200
1401249600
1401936000
1402622400
1403308800
1403995200
1404681600
1405368000
1406054400
1406740800
1407427200
1408113600
1408800000
1409486400
1410172800
1410859200
1411545600
1412232000
1412918400
1413604800
1414291200
1414977600
1415664000
1416350400
1417036800
1417723200
1418409600
1419096000
1419782400
1420468800
1421155200
1421841600
1422528000
1423214400
1423900800
1424587200
1425273600
1425960000
1426646400
1427332800
1428019200
1428705600
1429392000
1430078400
1430764800
1431451200
1432137600
1432824000
1433510400
1434196800
1434883200
1435569600
1436256000
1436942400
1437628800
1438315200
1439001600
1439688000
1440374400
1441060800
1441747200
1442433600
1443120000
1443806400
1444492800
1445179200
1445865600
1446552000
1447238400
1447924800
1448611200
1449297600
1449984000
1450670400
1451356800
1452043200
1452729600
1453416000
1454102400
1454788800
1455475200
1456161600
1456848000
1457534400
1458220800
1458907200
1459593600
1460280000
1460966400
1461652800
1462339200
1463025600
1463712000
1464398400
1465084800
1465771200
1466457600
1467144000
1467830400
1468516800
1469203200
1469889600
1470576000
1471262400
1471948800
1472635200
1473321600
1474008000
1474694400
1475380800
1476067200
1476753600
1477440000
1478126400
1478812800
1479499200
1480185600
1480872000
1481558400
1482244800
1482931200
1483617600
1484304000
1484990400
1485676800
1486363200
1487049600
1487736000
1488422400
1489108800
1489795200
1490481600
1491168000
1491854400
1492540800
1493227200
1493913600
1494600000
1495286400
1495972800
1496659200
1497345600
1498032000
1498718400
1499404800
1500091200
1500777600
1501464000
1502150400
1502836800
1503523200
1504209600
1504896000
1505582400
1506268800
1506955200
1507641600
1508328000
1509014400
1509700800
1510387200
1511073600
1511760000
1512446400
1513132800
1513819200
1514505600
1515192000
1515878400
1516564800
1517251200
1517937600
1518624000
1519310400
1519996800
1520683200
1521369600
1522056000
1522742400
1523428800
1524115200
1524801600
1525488000
1526174400
1526860800
1527547200
1528233600
1528920000
1529606400
1530292800
1530979200
1531665600
1532352000
1533038400
1533724800
1534411200
1535097600
1535784000
1536470400
1537156800
1537843200
1538529600
1539216000
1539902400
1540588800
1541275200
1541961600
1542648000
1543334400
1544020800
1544707200
1545393600
1546080000
1546766400
1547452800
1548139200
1548825600
1549512000
1550198400
1550884800
1551571200
1552257600
1552944000
1553630400
1554316800
1555003200
1555689600
1556376000
1557062400
1557748800
1558435200
1559121600
1559808000
1560494400
1561180800
1561867200
1562553600
1563240000
1563926400
1564612800
1565299200
1565985600
1566672000
1567358400
1568044800
1568731200
1569417600
1570104000
1570790400
1571476800
1572163200
1572849600
1573536000
1574222400
1574908800
1575595200
1576281600
1576968000
1577654400
1578340800
1579027200
1579713600
1580400000
1581086400
1581772800
1582459200
1583145600
1583832000
1584518400
1585204800
1585891200
1586577600
1587264000
1587950400
1588636800
1589323200
1590009600
1590696000
1591382400
1592068800
1592755200
1593441600
1594128000
1594814400
1595500800
1596187200
1596873600
1597560000
1598246400
1598932800
1599619200
1600305600
1600992000
1601678400
1602364800
1603051200
1603737600
1604424000
1605110400
1605796800
1606483200
1607169600
1607856000
1608542400
1609228800
1609915200
1610601600
1611288000
1611974400
1612660800
1613347200
1614033600
1614720000
1615406400
1616092800
1616779200
1617465600
1618152000
1618838400
1619524800
1620211200
1620897600
1621584000
1622270400
1622956800
1623643200
1624329600
1625016000
1625702400
1626388800
1627075200
1627761600
1628448000
1629134400
1629820800
1630507200
1631193600
1631880000
1632566400
1633252800
1633939200
1634625600
1635312000
1635998400
1636684800
1637371200
1638057600
1638744000
1639430400
1640116800
1640803200
1641489600
1642176000
1642862400
1643548800
1644235200
1644921600
1645608000
1646294400
1646980800
1647667200
1648353600
1649040000
1649726400
1650412800
1651099200
1651785600
1652472000
1653158400
1653844800
1654531200
1655217600
1655904000
1656590400
1657276800
1657963200
1658649600
1659336000
1660022400
1660708800
1661395200
1662081600
1662768000
1663454400
1664140800
1664827200
1665513600
1666200000
1666886400
1667572800
1668259200
1668945600
1669632000
1670318400
1671004800
1671691200
1672377600
1673064000
1673750400
1674436800
1675123200
1675809600
1676496000
1677182400
1677868800
1678555200
1679241600
1679928000
1680614400
1681300800
1681987200
1682673600
1683360000
1684046400
1684732800
1685419200
1686105600
1686792000
1687478400
1688164800
1688851200
1689537600
1690224000
1690910400
1691596800
1692283200
1692969600
1693656000
1694342400
1695028800
1695715200
1696401600
1697088000
1697774400
1698460800
1699147200
1699833600
1700520000
1701206400
1701892800
1702579200
1703265600
1703952000
1704638400
1705324800
1706011200
1706697600
1707384000
1708070400
1708756800
1709443200
1710129600
1710816000
1711502400
1712188800
1712875200
1713561600
1714248000
1714934400
1715620800
1716307200
1716993600
1717680000
1718366400
1719052800
1719739200
1720425600
1721112000
1721798400
1722484800
1723171200
1723857600
1724544000
1725230400
1725916800
1726603200
1727289600
1727976000
1728662400
1729348800
1730035200
1730721600
1731408000
1732094400
1732780800
1733467200
1734153600
1734840000
1735526400
1736212800
1736899200
1737585600
1738272000
1738958400
1739644800
1740331200
1741017600
1741704000
1742390400
1743076800
1743763200
1744449600
1745136000
1745822400
1746508800
1747195200
1747881600
1748568000
1749254400
1749940800
1750627200
1751313600
1752000000
1752686400
1753372800
1754059200
1754745600
1755432000
1756118400
1756804800
1757491200
1758177600
1758864000
1759550400
1760236800
1760923200
1761609600
1762296000
1762982400
1763668800
1764355200
1765041600
1765728000
1766414400
1767100800
1767787200
1768473600
1769160000
1769846400
1770532800
1771219200
1771905600
1772592000
1773278400
1773964800
1774651200
1775337600
1776024000
1776710400
1777396800
1778083200
1778769600
1779456000
1780142400
1780828800
1781515200
1782201600
1782888000
1783574400
1784260800
1784947200
1785633600
1786320000
1787006400
1787692800
1788379200
1789065600
1789752000
1790438400
1791124800
1791811200
1792497600
1793184000
1793870400
1794556800
1795243200
1795929600
1796616000
1797302400
1797988800
1798675200
1799361600
1800048000
1800734400
1801420800
1802107200
1802793600
1803480000
1804166400
1804852800
1805539200
1806225600
1806912000
1807598400
1808284800
1808971200
1809657600
1810344000
1811030400
1811716800
1812403200
1813089600
1813776000
1814462400
1815148800
1815835200
1816521600
1817208000
1817894400
1818580800
1819267200
1819953600
1820640000
1821326400
1822012800
1822699200
1823385600
1824072000
1824758400
1825444800
1826131200
1826817600
1827504000
1828190400
1828876800
1829563200
1830249600
1830936000
1831622400
1832308800
1832995200
1833681600
1834368000
1835054400
1835740800
1836427200
1837113600
1837800000
1838486400
1839172800
1839859200
1840545600
1841232000
1841918400
1842604800
1843291200
1843977600
1844664000
1845350400
1846036800
1846723200
1847409600
1848096000
1848782400
1849468800
1850155200
1850841600
1851528000
1852214400
1852900800
1853587200
1854273600
1854960000
1855646400
1856332800
1857019200
1857705600
1858392000
1859078400
1859764800
1860451200
1861137600
1861824000
1862510400
1863196800
1863883200
1864569600
1865256000
1865942400
1866628800
1867315200
1868001600
1868688000
1869374400
1870060800
1870747200
1871433600
1872120000
1872806400
1873492800
1874179200
1874865600
1875552000
1876238400
1876924800
1877611200
1878297600
1878984000
1879670400
1880356800
1881043200
1881729600
1882416000
1883102400
1883788800
1884475200
1885161600
1885848000
1886534400
1887220800
1887907200
1888593600
1889280000
1889966400
1890652800
1891339200
1892025600
1892712000
1893398400
1894084800
1894771200
1895457600
1896144000
1896830400
1897516800
1898203200
1898889600
1898576000
1899262400
1898948800
1898635200
1898321600
1899008000
1898694400
1898380800
1899067200
1898753600
1898440000
1899126400
1898812800
1898499200
1899185600
1898872000
1898558400
1899244800
1898931200
1898617600
1898304000
1898990400
1898676800
1898363200
1899049600
1898736000
1898422400
1899108800
1898795200
1898481600
1899168000
1898854400
1898540800
1899227200
1898913600
1898600000
1898286400
1898972800
1898659200
1898345600
1899032000
1898718400
1898404800
1899091200
1898777600
1898464000
1899150400
1898836800
1898523200
1899209600
1898896000
1898582400
1899268800
1898955200
1898641600
1898328000
1899014400
1898700800
1898387200
1899073600
1898760000
1898446400
1899132800
1898819200
1898505600
1899192000
1898878400
1898564800
1899251200
1898937600
1898624000
1898310400
1898996800
1898683200
1898369600
1899056000
1898742400
1898428800
1899115200
1898801600
1898488000
1899174400
1898860800
1898547200
1899233600
1898920000
1898606400
1898292800
1898979200
1898665600
1898352000
1899038400
1898724800
1898411200
1899097600
1898784000
1898470400
1899156800
1898843200
1898529600
1899216000
1898902400
1898588800
1899275200
1898961600
1898648000
1898334400
1899020800
1898707200
1898393600
1899080000
1898766400
1898452800
1899139200
1898825600
1898512000
1899198400
1898884800
1898571200
1899257600
1898944000
1898630400
1898316800
1899003200
1898689600
1898376000
1899062400
1898748800
1898435200
1899121600
1898808000
1898494400
1899180800
1898867200
1898553600
1899240000
1898926400
1898612800
1898299200
1898985600
1898672000
1898358400
1899044800
1898731200
1898417600
1899104000
1898790400
1898476800
1899163200
1898849600
1898536000
1899222400
1898908800
1898595200
1898281600
1898968000
1898654400
1898340800
1899027200
1898713600
1898400000
1899086400
1898772800
1898459200
1899145600
1898832000
1898518400
1899204800
1898891200
1898577600
1899264000
1898950400
1898636800
1898323200
1899009600
1898696000
1898382400
1899068800
1898755200
1898441600
1899128000
1898814400
1898500800
1899187200
1898873600
1898560000
1899246400
1898932800
1898619200
1898305600
1898992000
1898678400
1898364800
1899051200
1898737600
1898424000
1899110400
1898796800
1898483200
1899169600
1898856000
1898542400
1899228800
1898915200
1898601600
1898288000
1898974400
1898660800
1898347200
1899033600
1898720000
1898406400
1899092800
1898779200
1898465600
1899152000
1898838400
1898524800
1899211200
1898897600
1898584000
1899270400
1898956800
1898643200
1898329600
1899016000
1898702400
1898388800
1899075200
1898761600
1898448000
1899134400
1898820800
1898507200
1899193600
1898880000
1898566400
1899252800
1898939200
1898625600
1898312000
1898998400
1898684800
1898371200
1899057600
1898744000
1898430400
1899116800
1898803200
1898489600
1899176000
1898862400
1898548800
1899235200
1898921600
1898608000
1898294400
1898980800
1898667200
1898353600
1899040000
1898726400
1898412800
1899099200
1898785600
1898472000
1899158400
1898844800
1898531200
1899217600
1898904000
1898590400
1898276800
1898963200
1898649600
1898336000
1899022400
1898708800
1898395200
1899081600
1898768000
1898454400
1899140800
1898827200
1898513600
1899200000
1898886400
1898572800
1899259200
1898945600
1898632000
1898318400
1899004800
1898691200
1898377600
1899064000
1898750400
1898436800
1899123200
1898809600
1898496000
1899182400
1898868800
1898555200
1899241600
1898928000
1898614400
1898300800
1898987200
1898673600
1898360000
1899046400
1898732800
1898419200
1899105600
1898792000
1898478400
1899164800
1898851200
1898537600
1899224000
1898910400
1898596800
1898283200
1898969600
1898656000
1898342400
1899028800
1898715200
1898401600
1899088000
1898774400
1898460800
1899147200
1898833600
1898520000
1899206400
1898892800
1898579200
1899265600
1898952000
1898638400
1898324800
1899011200
1898697600
1898384000
1899070400
1898756800
1898443200
1899129600
1898816000
1898502400
1899188800
1898875200
1898561600
1899248000
1898934400
1898620800
1898307200
1898993600
1898680000
1898366400
1899052800
1898739200
1898425600
1899112000
1898798400
1898484800
1899171200
1898857600
1898544000
1899230400
1898916800
1898603200
1898289600
1898976000
1898662400
1898348800
1899035200
1898721600
1898408000
1899094400
1898780800
1898467200
1899153600
1898840000
1898526400
1899212800
1898899200
1898585600
1899272000
1898958400
1898644800
1898331200
1899017600
1898704000
1898390400
1899076800
1898763200
1898449600
1899136000
1898822400
1898508800
1899195200
1898881600
1898568000
1899254400
1898940800
1898627200
1898313600
1899000000
1898686400
1898372800
1899059200
1898745600
1898432000
1899118400
1898804800
1898491200
1899177600
1898864000
1898550400
1899236800
1898923200
1898609600
1898296000
1898982400
1898668800
1898355200
1899041600
1898728000
1898414400
1899100800
1898787200
1898473600
1899160000
1898846400
1898532800
1899219200
1898905600
1898592000
1898278400
1898964800
1898651200
1898337600
1899024000
1898710400
1898396800
1899083200
1898769600
1898456000
1899142400
1898828800
1898515200
1899201600
1898888000
1898574400
1899260800
1898947200
1898633600
1898320000
1899006400
1898692800
1898379200
1899065600
1898752000
1898438400
1899124800
1898811200
1898497600
1899184000
1898870400
1898556800
1899243200
1898929600
1898616000
1898302400
1898988800
1898675200
1898361600
1899048000
1898734400
1898420800
1899107200
1898793600
1898480000
1899166400
1898852800
1898539200
1899225600
1898912000
1898598400
1898284800
1898971200
1898657600
1898344000
1899030400
1898716800
1898403200
1899089600
1898776000
1898462400
1899148800
1898835200
1898521600
1899208000
1898894400
1898580800
1899267200
1898953600
1898640000
1898326400
1899012800
1898699200
1898385600
1899072000
1898758400
1898444800
1899131200
1898817600
1898504000
1899190400
1898876800
1898563200
1899249600
1898936000
1898622400
1898308800
1898995200
1898681600
1898368000
1899054400
1898740800
1898427200
1899113600
1898800000
1898486400
1899172800
1898859200
1898545600
1899232000
1898918400
1898604800
1898291200
1898977600
1898664000
1898350400
1899036800
1898723200
1898409600
1899096000
1898782400
1898468800
1899155200
1898841600
1898528000
1899214400
1898900800
1898587200
1899273600
1898960000
1898646400
1898332800
1899019200
1898705600
1898392000
1899078400
1898764800
1898451200
1899137600
1898824000
1898510400
1899196800
1898883200
1898569600
1899256000
1898942400
1898628800
1898315200
1899001600
1898688000
1898374400
1899060800
1898747200
1898433600
1899120000
1898806400
1898492800
1899179200
1898865600
1898552000
1899238400
1898924800
1898611200
1898297600
1898984000
1898670400
1898356800
1899043200
1898729600
1898416000
1899102400
1898788800
1898475200
1899161600
1898848000
1898534400
1899220800
1898907200
1898593600
1898280000
1898966400
1898652800
1898339200
1899025600
1898712000
1898398400
1899084800
1898771200
1898457600
1899144000
1898830400
1898516800
1899203200
1898889600
1898576000
1899262400
1898948800
1898635200
1898321600
1899008000
1898694400
1898380800
1899067200
1898753600
1898440000
1899126400
1898812800
1898499200
1899185600
1898872000
1898558400
1899244800
1898931200
1898617600
1898304000
1898990400
1898676800
1898363200
1899049600
1898736000
1898422400
1899108800
1898795200
1898481600
1899168000
1898854400
1898540800
1899227200
1898913600
1898600000
1898286400
1898972800
1898659200
1898345600
1899032000
1898718400
1898404800
1899091200
1898777600
1898464000
1899150400
1898836800
1898523200
1899209600
1898896000
1898582400
1899268800
1898955200
1898641600
1898328000
1899014400
1898700800
1898387200
1899073600
1898760000
1898446400
1899132800
1898819200
1898505600
1899192000
1898878400
1898564800
1899251200
1898937600
1898624000
1898310400
1898996800
1898683200
1898369600
1899056000
1898742400
1898428800
1899115200
1898801600
1898488000
1899174400
1898860800
1898547200
1899233600
1898920000
1898606400
1898292800
1898979200
1898665600
1898352000
1899038400
1898724800
1898411200
1899097600
1898784000
1898470400
1899156800
1898843200
1898529600
1899216000
1898902400
1898588800
1899275200
1898961600
1898648000
1898334400
1899020800
1898707200
1898393600
1899080000
1898766400
1898452800
1899139200
1898825600
1898512000
1899198400
1898884800
1898571200
1899257600
1898944000
1898630400
1898316800
1899003200
1898689600
1898376000
1899062400
1898748800
1898435200
1899121600
1898808000
1898494400
1899180800
1898867200
1898553600
1899240000
1898926400
1898612800
1898299200
1898985600
1898672000
1898358400
1899044800
1898731200
1898417600
1899104000
1898790400
1898476800
1899163200
1898849600
1898536000
1899222400
1898908800
1898595200
1898281600
1898968000
1898654400
1898340800
1899027200
1898713600
1898400000
1899086400
1898772800
1898459200
1899145600
1898832000
1898518400
1899204800
1898891200
1898577600
1899264000
1898950400
1898636800
1898323200
1899009600
1898696000
1898382400
1899068800
1898755200
1898441600
1899128000
1898814400
1898500800
1899187200
1898873600
1898560000
1899246400
1898932800
1898619200
1898305600
1898992000
1898678400
1898364800
1899051200
1898737600
1898424000
1899110400
1898796800
1898483200
1899169600
1898856000
1898542400
1899228800
1898915200
1898601600
1898288000
1898974400
1898660800
1898347200
1899033600
1898720000
1898406400
1899092800
1898779200
1898465600
1899152000
1898838400
1898524800
1899211200
1898897600
1898584000
1899270400
1898956800
1898643200
1898329600
1899016000
1898702400
1898388800
1899075200
1898761600
1898448000
1899134400
1898820800
1898507200
1899193600
1898880000
1898566400
1899252800
1898939200
1898625600
1898312000
1898998400
1898684800
1898371200
1899057600
1898744000
1898430400
1899116800
1898803200
1898489600
1899176000
1898862400
1898548800
1899235200
1898921600
1898608000
1898294400
1898980800
1898667200
1898353600
1899040000
1898726400
1898412800
1899099200
1898785600
1898472000
1899158400
1898844800
1898531200
1899217600
1898904000
1898590400
1898276800
1898963200
1898649600
1898336000
1899022400
1898708800
1898395200
1899081600
1898768000
1898454400
1899140800
1898827200
1898513600
1899200000
1898886400
1898572800
1899259200
1898945600
1898632000
1898318400
1899004800
1898691200
1898377600
1899064000
1898750400
1898436800
1899123200
1898809600
1898496000
1899182400
1898868800
1898555200
1899241600
1898928000
1898614400
1898300800
1898987200
1898673600
1898360000
1899046400
1898732800
1898419200
1899105600
1898792000
1898478400
1899164800
1898851200
1898537600
1899224000
1898910400
1898596800
1898283200
1898969600
1898656000
1898342400
1899028800
1898715200
1898401600
1899088000
1898774400
1898460800
1899147200
1898833600
1898520000
1899206400
1898892800
1898579200
1899265600
1898952000
1898638400
1898324800
1899011200
1898697600
1898384000
1899070400
1898756800
1898443200
1899129600
1898816000
1898502400
1899188800
1898875200
1898561600
1899248000
1898934400
1898620800
1898307200
1898993600
1898680000
1898366400
1899052800
1898739200
1898425600
1899112000
1898798400
1898484800
1899171200
1898857600
1898544000
1899230400
1898916800
1898603200
1898289600
1898976000
1898662400
1898348800
1899035200
1898721600
1898408000
1899094400
1898780800
1898467200
1899153600
1898840000
1898526400
1899212800
1898899200
1898585600
1899272000
1898958400
1898644800
1898331200
1899017600
1898704000
1898390400
1899076800
1898763200
1898449600
1899136000
1898822400
1898508800
1899195200
1898881600
1898568000
1899254400
1898940800
1898627200
1898313600
1899000000
1898686400
1898372800
1899059200
1898745600
1898432000
1899118400
1898804800
1898491200
1899177600
1898864000
1898550400
1899236800
1898923200
1898609600
1898296000
1898982400
1898668800
1898355200
1899041600
1898728000
1898414400
1899100800
1898787200
1898473600
1899160000
1898846400
1898532800
1899219200
1898905600
1898592000
1898278400
1898964800
1898651200
1898337600
1899024000
1898710400
1898396800
1899083200
1898769600
1898456000
1899142400
1898828800
1898515200
1899201600
1898888000
1898574400
1899260800
1898947200
1898633600
1898320000
1899006400
1898692800
1898379200
1899065600
1898752000
1898438400
1899124800
1898811200
1898497600
1899184000
1898870400
1898556800
1899243200
1898929600
1898616000
1898302400
1898988800
1898675200
1898361600
1899048000
1898734400
1898420800
1899107200
1898793600
1898480000
1899166400
1898852800
1898539200
1899225600
1898912000
1898598400
1898284800
1898971200
1898657600
1898344000
1899030400
1898716800
1898403200
1899089600
1898776000
1898462400
1899148800
1898835200
1898521600
1899208000
1898894400
1898580800
1899267200
1898953600
1898640000
1898326400
1899012800
1898699200
1898385600
1899072000
1898758400
1898444800
1899131200
1898817600
1898504000
1899190400
1898876800
1898563200
1899249600
1898936000
1898622400
1898308800
1898995200
1898681600
1898368000
1899054400
1898740800
1898427200
1899113600
1898800000
1898486400
1899172800
1898859200
1898545600
1899232000
1898918400
1898604800
1898291200
1898977600
1898664000
1898350400
1899036800
1898723200
1898409600
1899096000
1898782400
1898468800
1899155200
1898841600
1898528000
1899214400
1898900800
1898587200
1899273600
1898960000
1898646400
1898332800
1899019200
1898705600
1898392000
1899078400
1898764800
1898451200
1899137600
1898824000
1898510400
1899196800
1898883200
1898569600
1899256000
1898942400
1898628800
1898315200
1899001600
1898688000
1898374400
1899060800
1898747200
1898433600
1899120000
1898806400
1898492800
1899179200
1898865600
1898552000
1899238400
1898924800
1898611200
1898297600
1898984000
1898670400
1898356800
1899043200
1898729600
1898416000
1899102400
1898788800
1898475200
1899161600
1898848000
1898534400
1899220800
1898907200
1898593600
1898280000
1898966400
1898652800
1898339200
1899025600
1898712000
1898398400
1899084800
1898771200
1898457600
1899144000
1898830400
1898516800
1899203200
1898889600
1898576000
1899262400
1898948800
1898635200
1898321600
1899008000
1898694400
1898380800
1899067200
1898753600
1898440000
1899126400
1898812800
1898499200
1899185600
1898872000
1898558400
1899244800
1898931200
1898617600
1898304000
1898990400
1898676800
1898363200
1899049600
1898736000
1898422400
1899108800
1898795200
1898481600
1899168000
1898854400
1898540800
1899227200
1898913600
1898600000
1898286400
1898972800
1898659200
1898345600
1899032000
1898718400
1898404800
1899091200
1898777600
1898464000
1899150400
1898836800
1898523200
1899209600
1898896000
1898582400
1899268800
1898955200
1898641600
1898328000
1899014400
1898700800
1898387200
1899073600
1898760000
1898446400
1899132800
1898819200
1898505600
1899192000
1898878400
1898564800
1899251200
1898937600
1898624000
1898310400
1898996800
1898683200
1898369600
1899056000
1898742400
1898428800
1899115200
1898801600
1898488000
1899174400
1898860800
1898547200
1899233600
1898920000
1898606400
1898292800
1898979200
1898665600
1898352000
1899038400
1898724800
1898411200
1899097600
1898784000
1898470400
1899156800
1898843200
1898529600
1899216000
1898902400
1898588800
1899275200
1898961600
1898648000
1898334400
1899020800
1898707200
1898393600
1899080000
1898766400
1898452800
1899139200
1898825600
1898512000
1899198400
1898884800
1898571200
1899257600
1898944000
1898630400
1898316800
1899003200
1898689600
1898376000
1899062400
1898748800
1898435200
1899121600
1898808000
1898494400
1899180800
1898867200
1898553600
1899240000
1898926400
1898612800
1898299200
1898985600
1898672000
1898358400
1899044800
1898731200
1898417600
1899104000
1898790400
1898476800
1899163200
1898849600
1898536000
1899222400
1898908800
1898595200
1898281600
1898968000
1898654400
1898340800
1899027200
1898713600
1898400000
1899086400
1898772800
1898459200
1899145600
1898832000
1898518400
1899204800
1898891200
1898577600
1899264000
1898950400
1898636800
1898323200
1899009600
1898696000
1898382400
1899068800
1898755200
1898441600
1899128000
1898814400
1898500800
1899187200
1898873600
1898560000
1899246400
1898932800
1898619200
1898305600
1898992000
1898678400
1898364800
1899051200
1898737600
1898424000
1899110400
1898796800
1898483200
1899169600
1898856000
1898542400
1899228800
1898915200
1898601600
1898288000
1898974400
1898660800
1898347200
1899033600
1898720000
1898406400
1899092800
1898779200
1898465600
1899152000
1898838400
1898524800
1899211200
1898897600
1898584000
1899270400
1898956800
1898643200
1898329600
1899016000
1898702400
1898388800
1899075200
1898761600
1898448000
1899134400
1898820800
1898507200
1899193600
1898880000
1898566400
1899252800
1898939200
1898625600
1898312000
1898998400
1898684800
1898371200
1899057600
1898744000
1898430400
1899116800
1898803200
1898489600
1899176000
1898862400
1898548800
1899235200
1898921600
1898608000
1898294400
1898980800
1898667200
1898353600
1899040000
1898726400
1898412800
1899099200
1898785600
1898472000
1899158400
1898844800
1898531200
1899217600
1898904000
1898590400
1898276800
1898963200
1898649600
1898336000
1899022400
1898708800
1898395200
1899081600
1898768000
1898454400
1899140800
1898827200
1898513600
1899200000
1898886400
1898572800
1899259200
1898945600
1898632000
1898318400
1899004800
1898691200
1898377600
1899064000
1898750400
1898436800
1899123200
1898809600
1898496000
1899182400
1898868800
1898555200
1899241600
1898928000
1898614400
1898300800
1898987200
1898673600
1898360000
1899046400
1898732800
1898419200
1899105600
1898792000
1898478400
1899164800
1898851200
1898537600
1899224000
1898910400
1898596800
1898283200
1898969600
1898656000
1898342400
1899028800
1898715200
1898401600
1899088000
1898774400
1898460800
1899147200
1898833600
1898520000
1899206400
1898892800
1898579200
1899265600
1898952000
1898638400
1898324800
1899011200
1898697600
1898384000
1899070400
1898756800
1898443200
1899129600
1898816000
1898502400
1899188800
1898875200
1898561600
1899248000
1898934400
1898620800
1898307200
1898993600
1898680000
1898366400
1899052800
1898739200
1898425600
1899112000
1898798400
1898484800
1899171200
1898857600
1898544000
1899230400
1898916800
1898603200
1898289600
1898976000
1898662400
1898348800
1899035200
1898721600
1898408000
1899094400
1898780800
1898467200
1899153600
1898840000
1898526400
1899212800
1898899200
1898585600
1899272000
1898958400
1898644800
1898331200
1899017600
1898704000
1898390400
1899076800
1898763200
1898449600
1899136000
1898822400
1898508800
1899195200
1898881600
1898568000
1899254400
1898940800
1898627200
1898313600
1899000000
1898686400
1898372800
1899059200
1898745600
1898432000
1899118400
1898804800
1898491200
1899177600
1898864000
1898550400
1899236800
1898923200
1898609600
1898296000
1898982400
1898668800
1898355200
1899041600
1898728000
1898414400
1899100800
1898787200
1898473600
1899160000
1898846400
1898532800
1899219200
1898905600
1898592000
1898278400
1898964800
1898651200
1898337600
1899024000
1898710400
1898396800
1899083200
1898769600
1898456000
1899142400
1898828800
1898515200
1899201600
1898888000
1898574400
1899260800
1898947200
1898633600
1898320000
1899006400
1898692800
1898379200
1899065600
1898752000
1898438400
1899124800
1898811200
1898497600
1899184000
1898870400
1898556800
1899243200
1898929600
1898616000
1898302400
1898988800
1898675200
1898361600
1899048000
1898734400
1898420800
1899107200
1898793600
1898480000
1899166400
1898852800
1898539200
1899225600
1898912000
1898598400
1898284800
1898971200
1898657600
1898344000
1899030400
1898716800
1898403200
1899089600
1898776000
1898462400
1899148800
1898835200
1898521600
1899208000
1898894400
1898580800
1899267200
1898953600
1898640000
1898326400
1899012800
1898699200
1898385600
1899072000
1898758400
1898444800
1899131200
1898817600
1898504000
1899190400
1898876800
1898563200
1899249600
1898936000
1898622400
1898308800
1898995200
1898681600
1898368000
1899054400
1898740800
1898427200
1899113600
1898800000
1898486400
1899172800
1898859200
1898545600
1899232000
1898918400
1898604800
1898291200
1898977600
1898664000
1898350400
1899036800
1898723200
1898409600
1899096000
1898782400
1898468800
1899155200
1898841600
1898528000
1899214400
1898900800
1898587200
1899273600
1898960000
1898646400
1898332800
1899019200
1898705600
1898392000
1899078400
1898764800
1898451200
1899137600
1898824000
1898510400
1899196800
1898883200
1898569600
1899256000
1898942400
1898628800
1898315200
1899001600
1898688000
1898374400
1899060800
1898747200
1898433600
1899120000
1898806400
1898492800
1899179200
1898865600
1898552000
1899238400
1898924800
1898611200
1898297600
1898984000
1898670400
1898356800
1899043200
1898729600
1898416000
1899102400
1898788800
1898475200
1899161600
1898848000
1898534400
1899220800
1898907200
1898593600
1898280000
1898966400
1898652800
1898339200
1899025600
1898712000
1898398400
1899084800
1898771200
1898457600
1899144000
1898830400
1898516800
1899203200
1898889600
1898576000
1899262400
1898948800
1898635200
1898321600
1899008000
1898694400
1898380800
1899067200
1898753600
1898440000
1899126400
1898812800
1898499200
1899185600
1898872000
1898558400
1899244800
1898931200
1898617600
1898304000
1898990400
1898676800
1898363200
1899049600
1898736000
1898422400
1899108800
1898795200
1898481600
1899168000
1898854400
1898540800
1899227200
1898913600
1898600000
1898286400
1898972800
1898659200
1898345600
1899032000
1898718400
1898404800
1899091200
1898777600
1898464000
1899150400
1898836800
1898523200
1899209600
1898896000
1898582400
1899268800
1898955200
1898641600
1898328000
1899014400
1898700800
1898387200
1899073600
1898760000
1898446400
1899132800
1898819200
1898505600
1899192000
1898878400
1898564800
1899251200
1898937600
1898624000
1898310400
1898996800
1898683200
1898369600
1899056000
1898742400
1898428800
1899115200
1898801600
1898488000
1899174400
1898860800
1898547200
1899233600
1898920000
1898606400
1898292800
1898979200
1898665600
1898352000
1899038400
1898724800
1898411200
1899097600
1898784000
1898470400
1899156800
1898843200
1898529600
1899216000
1898902400
1898588800
1899275200
1898961600
1898648000
1898334400
1899020800
1898707200
1898393600
1899080000
1898766400
1898452800
1899139200
1898825600
1898512000
1899198400
1898884800
1898571200
1899257600
1898944000
1898630400
1898316800
1899003200
1898689600
1898376000
1899062400
1898748800
1898435200
1899121600
1898808000
1898494400
1899180800
1898867200
1898553600
1899240000
1898926400
1898612800
1898299200
1898985600
