42020797
108591991
181811186
283894379
370799972
464451165
554729558
632910354
723188747
813564739
906923135
997299127
1075675121
1164364713
1257820708
1346412701
1426475095
1528655887
1603561482
1695526275
1785804668
1877574263
1966166256
2059719850
2150095842
2252179035
2330457430
2459662226
2576887826
3269699260
3271601660
3287587265
3292764866
3296569666
3331212883
3332390486
4359021019
4010843553
4040091565
4026009968
3644923625
3551206844
3506915762
3534768636
3533591033
3547607029
3512949481
3492371902
3529416205
3528233803
3555840728
3558247126
3564967136
3788803962
3798448754
3799152749
3865933524
3859090317
4285661607
4301543202
4643208785
4840823196
5147922409
5288351217
5292912814
5355962424
5348060023
5357397627
5339418430
5379514442
5119751291
5145560910
5283642608
5359306623
5263417042
4913711531
4946961135
4812020336
4698071537
4475524324
4460778724
4417657117
4323076315
4243925912
4217849112
4222039505
4233077900
4264119483
4230077880
4220489079
4202879476
4196663475
4198956271
4196092268
4201660265
4200575462
4220793058
4218428254
4205559453
4209538649
4219940244
4218130640
4170793031
4167970632
4123831427
4145176144
4154182561
4131988968
4189265785
4187254586
4177352186
4314326613
4387118630
4422739425
4435449823
4448059419
4443685018
4435712300
4438310648
4443296253
4437089855
4407632262
4381005065
4349957070
4330096275
4314102680
4315990694
4307941102
4312945915
4336331509
4333365108
4331283506
4469197161
4475774769
4604726782
4615872383
4711987591
4772632394
4846638813
4896641910
4906661246
4905757250
4904081918
5097859722
5124802120
5169986120
5231115724
5229776525
5589498199
5626349421
5629087021
5158858385
4960754427
4780903251
4715020054
4698815262
4653788066
4713888863
4511740080
4465092079
4447282479
4296346487
4300536884
4268464876
4232655277
4334268472
4329831671
4330727667
4338079663
4438967765
4632919787
4883137397
5361767814
5372729412
5500643078
5947220718
5456704068
5373902479
4757139345
4600208102
4086577720
4243083317
4396001699
4419128093
4519443286
4651356891
4753192112
4798222516
4800336117
4805801716
4819838518
4826800118
4825427317
4821032120
4834950521
4842128121
4866262521
4885024122
4907163322
4932891322
4958737723
4943595339
5176798595
5159365000
5138368206
5115448210
5030745829
4989177834
4921059439
4794243455
4786145856
4781302656
4776459456
4799557095
