21783997
42627193
53254390
74195185
96822380
109038378
130076772
154390367
163233565
187644759
211958354
220899151
245115147
267839941
276780738
301094333
310035130
335937526
358662320
364230317
388446313
397387110
423679902
447700700
455150295
477875089
501895887
512620683
531875078
542697473
563443070
587756665
598383862
619324657
645324652
669638247
678579044
684147041
705087836
724342231
731596628
750851023
756419020
780635016
801575811
807143808
828084603
830572597
854690994
861945391
881199786
900454181
905924579
921903773
927471770
943353365
962607760
968175757
987430152
994879747
1008879744
1028036540
1032015736
1051172532
1072113327
1076092523
1091974118
1114601313
1116698911
1124246105
1141814100
1159186897
1164754894
1184009289
1203263684
1208831681
1229772476
1238713273
1256281268
1277222063
1286162860
1305417255
1322985250
1330142048
1341062042
1356748439
1375905235
1393570829
1400825226
1409961221
1427334018
1443215613
1462470008
1469724405
1477174000
1496233197
1512114792
1514309989
1530191584
1535661982
1553327576
1567522771
1574679569
1583913163
1593049158
1607049155
1617871550
1620066747
1634164343
1636652337
1645593134
1653042729
1655237926
1665962722
1676882716
1682450713
1689900308
1693781905
1704506701
1706994695
1719503490
1731817087
1735601085
1749893879
1759029874
1764597871
1780479466
1784361063
1800242658
1800946653
1818514648
1825671446
1831532240
1842159437
1847727434
1858549829
1864020227
1876529022
1878724219
1892919414
1896898610
1902661805
1914877803
1918759400
1926306594
1931874591
1940912987
1948264983
1952146580
1962871376
1968439373
1974300167
1978181764
1992376959
1996258556
2000140153
2014335348
2018216945
2017234540
2027861737
2031743334
2035722530
2043074526
2045269723
2052719318
2056796113
2067423310
2069716106
2070322502
2067458499
2069653696
2075416891
2075925688
2076629683
2078727281
2079528875
2081724072
2082135270
2082936864
2086818461
2085836056
2089717653
2093696849
2090930445
2103146443
2103948037
2112888834
2116770431
2124220026
2128101623
2135551218
2146178415
2158687210
2160784808
2168136804
2185607200
2186213596
2195154393
2200917588
2213231185
2220680780
2231307977
2248875972
2251071169
2260011966
2263893563
2279775158
2287029555
2299538350
2308479147
2317419944
2336576740
2345615136
2361399132
2363691928
2379475924
2383357521
2395768717
2403023114
2415531909
2424472706
2438667901
2449197499
2456744693
2469058290
2479587888
2487135082
2502723880
2508389476
2522584671
2535093466
2547407063
2556347860
2563602257
2569365452
2585051849
2590619846
2606403842
2615442238
2624578233
2635205430
2646027825
2658243823
2670557420
2678197414
2688824611
2697858208
2717015004
2719400600
2728438996
2735976592
2739950989
2750773384
2753061381
2765565377
2771323773
2780552568
2787802166
2791874162
2797730157
2808450154
2812424551
2819966946
2829000543
2834856538
2843792536
2846085332
2858779727
2864250125
2875355719
2865550918
2881427714
2887186110
2889474107
2896821304
2904173300
2908245296
2924312491
2919469291
2925422885
2932770082
2945176479
2947464476
2949659673
2955608468
2959490065
2963464462
2967438859
2969726856
2971922053
2975896450
2976498047
2978595645
2982570042
2988523636
2983773236
2982693232
2984981229
2988765227
2981032423
2995125220
2990574817
2994549214
3001798812
3002405208
3006379605
3006790803
3000744399
3004718796
3005227593
3009011591
3008024387
3006939584
3009134781
3008049978
3013617975
3011469171
3015566768
3015782768
3011325165
3010070765
3011083560
3003083560
3008358760
2997469156
2996312355
2993350753
2992481950
2991206748
2985181146
2978944343
2977669141
2979957138
2971741138
2972152336
2974944331
2966728331
2960296330
2962486728
2961016328
2954779525
2957288321
2949169920
2947797119
2943437115
2945725112
2941293110
2934958708
2935360308
2937457906
2929534703
2928856299
2922326699
2921144297
2920177895
2917406692
2910877092
2906918688
2902368285
2901283482
2893376282
2892291479
2887643477
2884872274
2883689872
2879237068
2872902666
2870131463
2865385862
2862521859
2859750656
2855102654
2848763453
2840937849
2838069047
2835297844
2825785840
2822921837
2821641836
2818777833
2814227430
2813049827
2808499424
2802067423
2799203420
2794745817
2788509014
2787424211
2782873808
2778030608
2771891404
2770616202
2762790598
2759926595
2753684993
2750918589
2748147386
2745283383
2744105780
2741427377
2735190574
2730732971
2729555368
2723411365
2720547362
2717683359
2709564958
2706700955
2702150552
2699281750
2692947348
2690083345
2692561741
2684540939
2681676936
2673753733
2667224133
2659398529
2656534526
2648416125
2645644922
2640801722
2634755318
2631891315
2627336113
2617531312
2613171308
2608620905
2598816104
2594358501
2591489699
2581782497
2575545694
2571088091
2561283290
2557011287
2550867284
2541062483
2536795279
2528672079
2520841676
2514883273
2508739270
2500718468
2492688068
2488416065
2480585662
2476225658
2466606457
2460364855
2456000052
2449953648
2440334447
2434092845
2427660844
2419923241
2415651238
2405944036
2399795234
2395430431
2387409629
2384726427
2378772823
2368963223
2356779221
2347067220
2326256020
2318420818
2310400016
2300878414
2294544012
2286801610
2278780808
2270657608
2266195206
2250236804
2242689600
2234854398
2227209595
2219369594
2209657593
2201822391
2186142389
2168590387
2161038384
2141326384
2125455983
2116031980
2098572778
2090923176
2085150373
2075819170
2065916770
2058179167
2050534364
2042889561
2035142360
2027307158
2019750356
2011822354
2003982353
1988399950
1978595149
1970945547
1957044745
1949487943
1942028740
1934379138
1926543936
1918991933
1913121531
1905471929
1898012726
1889987125
1880655922
1873103919
1863391918
1857428716
1848097513
1840633511
1834855909
1825051108
1815715106
1809942303
1800323102
1792771099
1786993497
1779348694
1771982291
1764523088
1756971085
1749511882
1742052679
1736465476
1726753475
1719294272
1715115069
1708966267
1703105463
1698643061
1691188657
1685323054
1682639852
1676779048
1670723046
1665047842
1659089439
1656499037
1650731033
1644865430
1640491029
1639494227
1636908624
1637881421
1632020617
1629625413
1630407811
1631380608
1630286207
1629865401
1627367799
1627862199
1618633394
1615759793
1622172588
1619582186
1613623783
1611130980
1611820578
1609327775
1602988574
1606033368
1599879767
1597294164
1593114961
1594278157
1591594955
1592377353
1584737349
1587494145
1586492544
1583999741
1581790137
1577425334
1579894132
1575719728
1573129326
1569047722
1566462119
1569502114
1566721313
1564038111
1558084507
1553998104
1551129302
1546754901
1549604497
1539994894
1540870092
1542033288
1537854085
1536857283
1532590079
1529906877
1530972474
1531852471
1529266868
1526769266
1525870063
1523094061
1518822058
1516519654
1513934051
1516300451
1506974047
1511319644
1505361241
1506050839
1503748435
1504530833
1503631630
1502918027
1498548425
1494183622
1496745220
1496036416
1493450813
1494423610
1496892408
1494497204
1495284401
1497753199
1496853996
1494551592
1493173992
1494146789
1496805986
1492441183
1493321180
1494484376
1493487574
1491092370
1493751567
1491165964
1497100362
1494612358
1497364355
1496460353
1492378749
1498791544
1499671541
1498767539
1501426736
1506157930
1506847528
1509413925
1512165922
1513236318
1514311513
1515191510
1519629907
1525666703
1523271499
1520964296
1526991494
1523095490
1522669885
1523828282
1523114679
1520714676
1523661871
1521071469
1527669864
1523681060
1524741858
1523935455
1520039451
1526452246
1527327444
1523431440
1519530637
1515537034
1516788231
1512887428
1508893825
1508458622
1504186619
1501786616
1495921013
1495207410
1492807407
1490314604
1491658601
1489546596
1487053793
1479120992
1473069789
1468797786
1466212183
1458279382
1453821779
1452922576
1444989775
1442404172
1438132169
1433572168
1427613765
1426621762
1420375361
1421255358
1418957753
1416464950
1417437747
1414944944
1414045741
1413527336
1410839335
1410228130
1409421727
1408522524
1407808921
1406909718
1414916113
1407085710
1411626505
1412506502
1415268097
1414183294
1414970491
1417536888
1418519283
1419213680
1425440875
1426228072
1423549669
1422845664
1420167261
1422836056
1418471253
1417767248
1418749643
1416071240
1413485637
1412596032
1408231229
1405840824
1404848821
1398890418
1403245613
1397101610
1397888807
1400557602
1396285599
1395293596
1396368791
1395376788
1392605585
1390019982
1392595977
1388231174
1387331971
1384560768
1381882365
1379203962
1378211959
1379194354
1374829551
1375523948
1376403945
1377107940
1372557537
1369693534
1368515931
1372778326
1368320723
1372480720
1368208717
1374343112
1376816709
1375917506
1373239103
1372339900
1378279097
1379354292
1380048689
1375776686
1372810285
1379037480
1379824677
1380611874
1379712671
1380592668
1384947863
1385827860
1383242257
1387402254
1389783051
1394416646
1395111043
1395712640
1399965437
1397379834
1396387831
1398861428
1406775023
1402317420
1408256617
1409229414
1409923811
1412397408
1418531803
1421005400
1423478997
1429603794
1435738189
1434838986
1439184583
1445318978
1446106175
1443232574
1447578171
1448365368
1451034163
1451728560
1452608557
1453302954
1454090151
1456275750
1459037345
1457850144
1458832539
1461213336
1462093333
1457440532
1454669329
1451795728
1449117325
1448032522
1445354119
1445946118
1438115715
1442182912
1437910909
1433165308
1430579705
1431274102
1435526899
1436406896
1437194093
1439667690
1440454887
1439462884
1442029281
1444502878
1443418075
1445891672
1446678869
1444000466
1444694863
1445389260
1447862857
1448650054
1452717251
1450038848
1452512445
1460333240
1457366839
1458154036
1457450031
1459830828
1463990825
1464778022
1463786019
1462794016
1465267613
1469427610
1471808407
1475968404
1480230799
1482704396
1479933193
1484000390
1488253187
1483795584
1489549181
1497277176
1494120376
1494921970
1495430767
1495939564
1498134761
1502016358
1502525155
1504720352
1511974749
1512669146
1517117141
1519497938
1521971535
1522665932
1526542730
1525648326
1531401923
1530409920
1534286718
1536672314
1539145911
1543115509
1542030706
1544416302
1546889899
1547491496
1549872293
1550473890
1552947487
1556824285
1555929881
1556531478
1558912275
1559606672
1561987469
1564080268
1568342663
1563689862
1569536259
1571824256
1579552251
1582025848
1589465845
1586694642
1594041839
1608417835
1609117031
1614680229
1625590625
1626094623
1623328219
1637416217
1634742613
1642089810
1651221006
1651725004
1657673799
1659766598
1665529793
1666131390
1675160188
1675761785
1681520181
1683808178
1684214577
1691756972
1695536171
1701294567
1701798565
1705772962
1709942557
1713916954
1719577751
1721763350
1729017747
1722873744
1735372941
1741228936
1743321735
1742144132
1749584129
1750092926
1754067323
1751296120
1753491317
1755779314
1759753711
1760355308
1765918506
1764736104
1766931301
1765846498
1766448095
1768736092
1770931289
1771532886
1773820883
1774329680
1781672078
1778905674
1777625673
1781795268
1777049667
1782710464
1779748862
1785600058
1784422455
1786710452
1787312049
1787913646
1793574443
1794083240
1789430439
1793404836
1793913633
1791142430
1795116827
1792150426
1794438423
1793260820
1792176017
1792684814
1793286411
1795574408
1794294407
1800150402
1792032001
1792633598
1794921595
1795615992
1796217589
1796726386
1797132785
1792582382
1796556779
1797158376
1799446373
1801734370
1803924768
1806310364
1805030363
1805539160
1804361557
1810022354
1807251151
1809539148
1813420745
1810361544
1812649541
1814747139
1815446335
1821014332
1819929529
1820145529
1826099123
1828289521
1827209517
1825929516
1828124713
1827039910
1829235107
1828150304
1830438301
1832633498
1833142295
1837116692
1841091089
1848247887
1853815884
1854422280
1858303877
1862185474
1864380671
1861321470
1860143867
1862241465
1862847861
1866729458
1870611055
1860806254
1864590252
1863510248
1862137447
1860862245
1861468641
1865252639
1867545435
1864486234
1868367831
1870563028
1874444625
1873267022
1877051020
1877657416
1883127814
1883734210
1878988609
1881183806
1880006203
1885476601
1879142199
1881337396
1883434994
1877100592
1879295789
1883177386
1883686183
1885881380
1889758178
1880050976
1880745373
1881346970
1880169367
1875326167
1874338963
1876719760
1871974159
1870889356
1871490953
1863372552
1862287749
1864668546
1863198146
1858740543
1861028540
1856473338
1856982135
1855897332
1852833332
1848473328
1843727727
1842642924
1843244521
1843655719
1840786917
1839604515
1840303711
1830498910
1836159707
1840036505
1842422101
1832617300
1836591697
1836807697
1835820493
1836422090
1840396487
1832278086
1834566083
1838540480
1835574079
1837862076
1839959674
1837286070
1835815670
1838294066
1838510066
1832463662
1836247660
1838535657
1832294055
1836170853
1838458850
1835399649
1832726045
1831446044
1835420441
1835831639
1838119636
1836839635
1835662032
1839636429
1830022027
1837369224
1836284421
1833225220
1835415618
1835729217
1831369213
1835343610
1825538809
1832788407
1836860403
1827055602
1831029999
1829749998
1838685996
1834228393
1838300389
1831868388
1834063585
1829313185
1838444381
1828639580
1827554777
1831529174
1828469973
1827385170
1831359567
1828300366
1830490764
1829503560
1824757959
1823673156
1827354756
1824588352
1826778750
1825596348
1829380346
1829981943
1823549942
1825837939
1821282737
1820105134
1822578731
1823273128
1825463526
1826255522
1816450721
1817145118
1819525915
1813186714
1810415511
1811109908
1811804305
1810333905
1811125901
1805074698
1810828295
1813209092
1818865090
1812623488
1813034686
1817199482
1821169080
1823740276
1825935473
1822964273
1827031470
1827823466
1831793064
1835957860
1838241058
1836961057
1831007453
1836570651
1838951448
1843018645
1845399442
1844212241
1841348238
1838767434
1839461831
1840058629
1839066626
1831138624
1828367421
1829061818
1827879416
1828573813
1829175410
1828183407
1827191404
1817577002
1818081000
1815402597
1817783394
1811541792
1815511390
1807778586
1808472983
1807388180
1806205778
1801743376
1805908172
1803034571
1798484168
1795903364
1794911361
1798788159
1794520955
1794829755
1792058552
1787508149
1784736946
1785528942
1786130539
1783452136
1783956134
1782968930
1776439330
1775447327
1774362524
1771781720
1767324117
1767925714
1766836112
1764064909
1757725708
1753268105
1750496902
1749412099
1746831295
1745648893
1742872891
1738415288
1740605686
1738024882
1738621680
1734066478
1734663276
1730303272
1729028070
1729912866
1733789664
1731018461
1729933658
1727060057
1729440854
1724890451
1722309647
1724500045
1725194442
1724109639
1721338436
1718464835
1726197629
1723231228
1723925625
1726213622
1731869620
1736034416
1736343216
1737135212
1746456807
1740117606
1740719203
1741413600
1750349598
1744010397
1744611994
1745213591
1745619990
1744627987
1745327183
1737301582
1741178380
1747024777
1744253574
1736325572
1740202370
1740896767
1746655163
1736943162
1740819960
1739925556
1736768756
1735874352
1736378350
1736784749
1732424745
1731149543
1729869542
1725602338
1726199136
1726893533
1717088732
1714600728
1711536728
1712323925
1706370321
1703501519
1704288716
1696360714
1695271112
1692592709
1686258307
1687138304
1684459901
1681586300
1678624698
1676136694
1672979894
1667026290
1666034287
1668317485
1660389483
1659207081
1656626277
1653562277
1656328671
1653264671
1655840666
1647815065
1645234261
1654551057
1651677456
1649189452
1646418249
1648701447
1651560641
1648779840
1646008637
1648389434
1647485432
1645368628
1644562225
1642064623
1637983019
1635304616
1634400614
1628725410
1627821408
1621672606
1617493403
1615000600
1612600597
1613290195
1603578194
1601368590
1600464588
1594696584
1593797381
1592702980
1590302977
1585938174
1586910971
1587698168
1581739765
1577086964
1576280561
1575474158
1577757356
1573582952
1572498149
1574878946
1570318945
1572602143
1571707739
1570715736
1571410133
1577349330
1578043727
1578738124
1574280521
1580126918
1577448515
1581418113
1582112510
1584498106
1586971703
1587573300
1588267697
1592427694
1593122091
1593816488
1596197285
1598578082
1600861280
1601653276
1604034073
1602949270
1603736467
1607803664
1604930063
1607598858
1608000458
1612453252
1611461249
1615528446
1618002043
1622069240
1622763637
1625237234
1629304431
1633464428
1637624425
1636539622
1637326819
1648325216
1649019613
1653184409
1660814805
1663288402
1667258000
1675176394
1679243591
1680030788
1685686786
1689944382
1694011579
1700145974
1704115572
1706589169
1710749166
1716790761
1719264358
1721645155
1719064351
1718072348
1717080345
1731549141
1723816337
1724510734
1728670731
1732733129
1733525125
1736193920
1741942718
1742637115
1743429111
1749563506
1748478703
1752633901
1754921898
1755616295
1756408291
1766008286
1766702683
1767397080
1769587478
1770281875
1770976272
1771577869
1772365066
1771377862
1780787458
1772766656
1773651452
1776408248
1778784246
1776389042
1775397039
1772904236
1772005033
1772885030
1773672227
1774552224
1768408221
1767509018
1763144215
1762337812
1757685011
1758565008
1756072205
1755173002
1750900999
1749908996
1750691394
1740984192
1740177789
1739278586
1735006583
1732328180
1736580977
1732308974
1733188971
1723476970
1728017765
1725432162
1722846559
1723628957
1721326553
1722206550
1714561747
1715348944
1710984141
1713736138
1704404935
1707064132
1700724931
1697948929
1695748923
1691476920
1686916919
1682737716
1680059313
1674008110
1671422507
1663684904
1659124903
1654852900
1652267297
1647809694
1643537691
1634020888
1629553687
1626875284
1622603281
1616459278
1612094475
1607822472
1598203271
1593652868
1591448063
1588862460
1581032057
1576667254
1575860851
1573182448
1568910445
1562859242
1558494439
1556196834
1551832031
1547467228
1543102425
1544177620
1537745619
1538635214
1530804811
1529812808
1525257606
1520604805
1516532799
1512075196
1510985594
1502964792
1498507189
1494049586
1489591983
1488507180
1484244775
1479787172
1478604770
1476023966
1473340764
1469161561
1461614357
1462591953
1458412750
1452361547
1444721543
1438855940
1436079938
1428532734
1424167931
1418209528
1413844725
1409479922
1408390320
1404025517
1399660714
1395295911
1389435107
1385070304
1380607902
1376335899
1372068695
1371071893
1361457491
1357278288
1356286285
1353700682
1351115079
1345063876
1342385473
1339511872
1336833469
1336129464
1338505462
1335924658
1333246255
1332542250
1329863847
1328871844
1331438241
1330446238
1333300633
1332308630
1332905428
1330227025
1334675020
1333780616
1336444612
1335550208
1334743805
1337412600
1334826997
1342833392
1343527789
1340942186
1338170983
1339246178
1338254175
1337354972
1338239768
1337530964
1333166161
1337516557
1335130951
1335825348
1331460545
1328689342
1325918139
1321460536
1318782133
1316206128
1313527725
1307383722
1304612519
1301841316
1299070113
1296484510
1293815705
1289358102
1284802900
1282417294
1276078093
1273214090
1269044485
1264494082
1261625280
1260540477
1254494073
1250036470
1243892467
1241121264
1238447660
1232308456
1231316453
1228447651
1222308447
1221418842
1216956440
1212503636
1209825233
1206863631
1200910027
1203486022
1199028419
1198036416
1195460411
1192782008
1188324405
1185748400
1182977197
1176833194
1175841191
1173265186
1170493983
1166036380
1165044377
1160493974
1157625172
1151671568
1150586765
1146031563
1141671559
1140874754
1138010751
1135332348
1130874745
1129882742
1125425139
1122556337
1114823533
1112052330
1110869928
1104823524
1103738721
1099183519
1093137115
1092145112
1087497110
1081543506
1080458703
1077589901
1071543497
1067085894
1065903492
1059857088
1058772285
1054314682
1051636279
1050458676
1049466673
1045009070
1042237867
1042741865
1040356259
1040957856
1038186653
1035225051
1029085847
1026221844
1023553039
1020591437
1014452233
1013274630
1007037827
1004173824
1002898622
1001916217
994090613
991226610
986676207
985401005
979261801
981554597
973728993
970572193
967903388
965136984
960679381
956221778
955332173
952560970
951378568
945332164
945836162
939789758
942268154
934247352
933450547
930488945
929404142
925136938
925836134
919789730
918797727
920988125
919903322
918818519
918021714
913940110
911354507
908676104
909556101
905284098
902698495
903578492
900900089
896437687
893759284
891456880
887184877
884599274
880327271
877648868
880215265
874164062
871485659
868421659
867805655
865220052
864037650
863045647
858773644
857874441
853412039
854296835
847957634
848935230
844570427
843671224
840807221
839908018
838818416
837826413
833461610
832469607
831477604
825328802
822650399
819879196
820666393
817987990
818682387
816003984
813325581
814019978
811341575
808570372
805701570
806679166
805501563
801039161
796771957
800834355
801528752
798850349
796362345
790023144
790810341
786352738
785453535
784178333
784872730
783880727
781392723
783866320
781280717
780483912
781271109
780088707
773749506
773235900
775797498
777517494
782136692
781608689
779399085
784111083
788719080
782760677
775399073
771127070
767040667
764455064
763931860
754595858
752205453
747738252
747498247
744815045
740919041
736554238
732467835
730355830
726083827
721904624
724559022
715232618
716019815
711747812
707568609
703203806
700525403
696606731
696064859
698023380
698141781
703314583
703525784
703479264
704138585
702809941
702776988
704679388
709949789
713436191
710372191
713100073
712614742
712671275
713068076
713021796
713553872
713133678
712805141
714584341
714077801
713745857
716093803
717660085
716760882
716537007
715438642
717057008
712809940
713730611
717407412
714153013
712706494
716354615
716182740
716373139
717281015
717492216
716119415
716999298
717200901
716836220
717047421
719019393
720935423
722712340
723123538
726721026
727208910
728817775
727252231
729149832
728657766
724324114
723048912
722614741
716724235
716203542
712949143
713306520
707069841
708757723
706085142
698254539
697776925
697724247
693173844
688094531
685230528
682712344
677620924
676682532
673721054
668877854
666821736
664050657
659300257
657253737
652614748
647886503
646570659
643116263
636085149
633420265
632614750
632709747
626277746
622925748
616688945
617966749
618416949
616110475
617146673
615764274
617657076
616459263
618654460
619163257
618970679
625922681
622712350
623162682
627673951
627236284
625987551
626157886
622809949
623704967
622907548
624196288
624207492
624076173
624194574
625402694
624244808
624324296
623576002
625771199
627108299
628670391
629402701
629687985
630196782
637245904
637959976
639725906
640029907
642741789
645249562
646186710
648046356
647054353
644283150
647402714
646020315
644401541
645095938
645985533
647236319
645595127
652810721
648577521
648266723
648477924
648689125
648900326
646711906
645949928
646516698
644588331
644439892
643524330
643956686
643849133
645252680
644076337
641012337
637850738
636039868
634398749
631553141
626132659
625233456
624398750
619691050
618932346
616085151
616084346
613953436
607902233
607966750
608311550
608206224
606280350
604828625
598865413
602614753
598161949
597771553
594398753
594100606
593102249
592712353
588161950
587326182
588881164
588534185
586280352
583924568
584188371
582712354
578161951
578276371
578292374
575546946
573660375
573969175
573892378
574005980
567790127
565018924
564340382
559281320
557831584
556085157
549281311
546417308
543322786
539281302
538305190
535050791
535071593
532614760
527009289
522712360
518094083
515524397
512907559
507898876
507447600
505879601
502865267
506116403
498628463
496234805
496353206
493098807
486977253
489962809
483726006
486826811
483474813
483151647
478030037
475690813
477300416
473186837
472614766
468574024
465969220
464337220
464398766
466085166
465987567
458161963
458449205
456096769
455987568
446280366
445987569
446085168
439188391
436310001
435585234
437682832
429662030
428484427
425940438
424665236
420017234
420526031
414289228
411230027
416700425
412247621
409383618
406324417
403460414
407244412
404478008
401321208
401830005
398966002
396101999
393042798
391962794
389098791
391293988
388429985
388841183
389349980
384799577
380053976
378969173
372829969
371745166
367194763
363191499
360468469
362712376
359463492
357450872
357673978
354412473
354655481
354649275
349610877
348042878
348244282
346983467
348029707
348029707
346948483
347066884
347841052
343833287
347673979
342712378
346245708
347673979
346404489
346425291
346641291
346343307
346343307
347068228
352733824
353686099
357274899
357295701
357414102
357673978
362710104
358159701
364398776
364546592
362797782
363399708
360145309
360654106
359476503
359692503
364066565
357927361
357678113
352614778
357673978
352681319
348749748
347921250
343273248
339956520
336857250
336570545
332712379
332724127
328071326
326980528
322712380
322614781
317119732
312809980
314178932
307454134
307474936
304318136
298477698
298284455
297830140
296245713
296343312
292712383
293567716
292956926
290206145
290174110
292910055
293836549
288993349
287470112
286245714
283804515
286422527
278313311
276212555
269212505
268017357
266508455
263194959
258308927
255092561
255210962
248215711
246922964
244354916
238922964
237326524
236148921
228964569
225710170
224072126
219201372
215946973
212614792
212908574
203758529
199751775
196148925
194734179
192809992
189911781
186657382
176852581
173249735
170385732
160580931
157521730
154657727
146539326
142266988
143876591
134266988
131320118
131828915
125396914
125905711
126407797
121466998
121678199
117627301
113575801
115473402
117467292
112721691
109857688
110366485
109026991
101070481
100713392
99026992
102011011
103105669
99060613
97585414
97796615
99694216
97340592
98532616
98040050
98852620
100518194
99566441
101543823
96993420
97900843
97303826
98831794
98831794
100092628
97028628
95739029
92475032
89313433
89710234
88831795
88539036
88828807
82689436
85458995
83038391
82100639
82404640
82801441
80195190
80523176
79150375
80635047
81227046
78990366
76580650
73511851
74011050
73290901
74619052
71755049
71751856
67201453
66023850
63159847
62399796
58011059
58692656
53220724
49961536
48783933
44233530
39883114
39531066
38353463
38217516
30099115
28921512
26057509
25899072
23521492
23031876
22437384
21963076
23187941
24257478
21393475
22437384
21796681
23991878
22895144
22523084
22437384
24910286
23732683
23729490
22551887
22846290
23057491
22437384
23104227
24790627
23187941
22437384
21510627
22437384
22437384
24123784
23104227
23197027
22437384
21501541
22437384
23104227
24123784
23104227
22437384
22437384
22231911
22437384
24123784
24123784
24123784
24123784
22437384
23104227
23104227
23104227
23104227
24123784
24123784
24123784
23131125
23342326
23553527
23764728
23883129
24094330
23197027
23197027
23104227
23159934
23371135
23104227
24790627
23743696
22057296
22057296
22057296
21569542
21873543
20750984
22481545
22683148
24123784
22437384
21918349
22129550
22638347
22644752
22437384
22437384
23371155
20750984
22437384
22437384
21501541
22545562
22437384
21847962
20750984
20769564
20750984
20750984
22437384
22437384
22555169
22871970
21747946
22437384
22437384
22679974
21297575
23659176
22437384
20894378
22437384
22437554
21379180
20750984
22772783
23897008
21892785
22382386
22673587
22437384
22437384
22437384
23897008
22210608
23897008
21627194
22210608
22420796
22437384
22437384
22437384
22437384
22532801
23897008
22210608
22210608
23187941
24123784
22437384
22437384
22437384
23897008
23897008
21467212
22210608
23187941
22437384
22437384
22437384
23940818
24449615
24958412
25467209
24289606
24798403
25307200
25815997
26324794
26833591
25655988
26164785
26673582
27182379
27691176
28199973
27022370
27531167
28039964
28548761
29057558
27879955
26702352
25524749
26033546
23169543
23187941
24761275
23583672
24092469
26468477
25110063
27197542
28883942
28322854
27197542
27746848
27809655
27263642
24492439
23598045
23137227
23022039
24123784
23022039
22366463
23897008
22964867
23897008
23062466
24123784
22437384
22473669
22982466
23867272
24000060
24508857
25017654
27198464
29003265
32449678
42491281
43310446
44414483
46219284
47833628
51710484
54286431
65438486
60888083
69828880
70337677
72532874
76609669
77118466
81000063
83195260
82017657
82526454
83035251
83348850
82366445
84561642
85070439
87265636
87774433
86596830
88792027
89300824
89809621
90318418
94200015
96395212
95217609
97412806
99608003
102061537
105057661
110040064
111444919
113844864
115454467
114276864
124123269
122155324
127918471
123747935
135086473
129374528
138788875
139200073
144865669
145276867
147764861
149764860
153744056
156036852
158232049
160329647
162622443
168190440
168699237
174267234
176462431
188678429
190971225
181361622
185243219
195772817
197968014
196888010
188964807
187787204
185315928
187379299
189184100
190793703
189420902
192718206
189755303
188866999
191483307
194612409
191915307
191740911
194049389
189206189
185643311
183087777
180528116
182332917
174507313
176964576
176137718
173303768
168655766
169164563
163217721
161942519
163457349
164063745
162788543
160022139
158844536
157666933
158175730
156998127
150946924
151734131
150942135
146489331
143625328
142350126
137897322
136622120
130482916
129305313
126700942
121129291
121540489
120362886
112537282
113801747
109348943
108171340
103523338
97384134
92833731
89872129
84372953
79822550
73950065
72674863
64849259
63574057
57434853
56159651
48334047
43783644
39233241
34682838
28446035
27170833
21588449
21999647
25459370
22595367
20734571
20852972
21264170
22678575
21835377
24504178
23131377
21142027
21650824
23291382
22113779
21939383
20468983
24782584
22392185
25019386
22628987
22747388
22670591
23272188
23000193
23211394
21239626
23540996
23844997
22750596
21206596
21137228
22452689
24514827
24319629
21943892
24607627
24319629
21142027
21974605
24412429
21425226
24612426
21353811
26103628
22430612
24514827
21254615
23325016
21239626
24417228
21918618
21702618
21239626
24782621
22392222
22926026
21239626
21785826
24510622
22984227
23102628
19750630
22926026
22926026
26201227
24879525
23813034
24139089
25315944
28204630
35511141
35511141
33623872
38796634
38786342
35315943
45511140
48786341
45511140
45819068
44641465
48786341
49031859
49540656
58786340
58167854
58481453
58795052
58786340
58516642
59025439
59534236
61311523
62997923
62997923
59214218
61409415
61918212
63193121
63193121
63444603
63953400
64462197
65347003
65855800
68883938
68786339
67197538
69841122
69988586
69841122
69841122
69841122
68372564
68881361
71647765
72351760
70407752
72602949
73111746
68366145
68874942
74061539
73460534
76031740
76417222
78222023
76654024
73204427
76318118
78695627
77530910
74471709
76531641
81472440
76531641
74820497
75705303
82778889
76531641
77014189
78818990
77873279
79055792
78983673
77898870
79410995
81410994
84706997
86511798
84382053
88435000
90644447
91441242
95535803
95831636
98026833
101908430
102417227
104559808
103434821
108082823
108494021
111902010
113583813
109351606
117426483
117881205
118390002
121700392
122209189
121031586
121540383
127426482
127426482
129966225
130516369
138635027
137621679
139164626
149108630
143178754
147659032
157895833
153332343
157719276
160035035
161604334
168606238
168724639
171757923
177799528
177834717
181716314
188050716
185081444
188665445
188779047
189412299
193581894
197844650
193094250
198267052
197524074
197524074
198900655
197718253
203017408
202471465
204759462
202822210
204276256
202822210
202374262
204179063
201530644
203641376
204615436
202034642
201135810
201135810
199709826
201135810
199041020
199549817
198372214
198881011
197703408
198212205
198721002
199229799
198052196
197426475
197524074
197719272
191836195
188700578
193641377
187927377
187426476
187524075
183641378
182101772
183725762
177524076
177524076
177524076
177524076
169015351
171135813
171135813
167426478
167426478
167426478
161331012
164047228
161135814
157426479
154047229
154047229
151135815
147517629
147426480
141135816
137426481
137426481
134679301
133789696
134242429
131620090
131135817
127764084
127621680
129204031
128170483
127517631
122247269
124047232
119696865
119008834
117426483
117426483
119008834
117426483
114047233
109767244
108394443
107426484
107426484
107426484
103684031
108848950
103015225
98967352
101135820
101135820
99322555
98618412
99127209
101893613
103517603
105692150
109085752
108416794
111183198
112807188
118730548
118730548
122765579
123274376
128925745
128925745
133427965
135455345
141135816
138791166
141135816
138730546
138730546
138730546
132717541
131632738
132234335
131149532
133437529
128789527
128925745
128730547
128730547
122861514
121776711
121135818
122082546
118336702
117719280
117426483
118176693
117524082
112253489
109389486
109898283
108720680
109405681
107426484
107426484
100442270
99264667
100396148
97719282
97426485
97719282
99085753
92003851
91202257
92082549
88471042
88979839
89293438
90396149
92200950
87881422
93015026
87719283
89405683
91092083
91092083
91600880
92172087
90994484
91210484
101440607
93858487
93552593
95733635
102479235
92869632
94168762
91304759
92669635
93178432
88725628
92607225
93018423
90252019
89074416
92956013
90092010
85541607
84364004
84775202
83695198
84203995
84615193
81848789
77298386
77807183
76629580
75451977
75863175
76567170
76880769
75703166
72936762
71759159
75543157
76051954
76560751
77167147
77675944
78184741
78888736
81083933
79906330
80415127
79042326
79551123
78373520
77195917
79586312
81683910
80603906
82506306
81426302
83523900
82639094
83147891
87029488
82479085
84674282
86869479
89064676
92946273
88298271
90591067
94375065
93197462
95392659
92626255
93135052
95232650
90975044
93170241
93679038
92501435
98069432
100167030
102459826
102968623
105066221
100613417
107867814
110258209
112160609
112767005
109903002
112098199
110920596
116488593
120370190
122565387
124760584
121798982
130837378
125994178
130070973
142384570
132677368
136461366
138754162
142538160
138085356
140182954
139102950
142984547
140120544
142022944
139256540
143138137
136901334
137312532
139605328
140114125
140622922
144406920
145013316
147110914
149306111
148226107
150421304
152518902
151438898
153634095
155829292
157926890
156846886
165690084
166296480
160059677
162254874
164450071
169920469
168742866
170938063
171446860
175426056
175934853
173070850
175266047
180736445
179558842
178478838
187322036
186334832
188432430
185758826
187856424
186869220
189064417
191254815
193547611
190776408
192971605
195162003
194081999
194683596
198560394
197480390
199768387
200277184
199192381
201387578
203577976
205968371
203001970
201921966
202523563
203032360
203541157
205731555
204651551
206841949
211016343
206363542
208461140
205787536
209571534
206805130
207406727
207915524
210013122
209025918
209627515
211725113
210645109
212835507
208382703
212166701
209400297
206536294
206947492
204181088
204592286
205101083
200648279
201059477
198293073
198704271
195937867
194760264
190209861
192405058
186168255
188363452
188774650
189381046
188105844
185339440
187437038
191416234
188454632
192433828
192845026
191765022
192176220
191096216
193486611
195584209
197779406
200165002
200673799
196216196
200000194
200601791
201203388
198436984
199038581
197860978
200148975
200652973
197886569
198488166
198899364
199500961
200395355
200904152
197840152
198348949
199048145
199552143
196688140
197289737
198091331
198400131
195536128
196235324
193464121
197345718
199536116
194985713
195587310
192820906
193324904
193926501
194435298
191761694
188897691
189499288
193473685
193982482
187643281
191427279
188753675
191236870
184804869
187092866
187504064
184830460
188712057
185940854
183076851
183678448
189339245
191627242
195704037
196208035
200280031
200691229
202979226
205364822
207462420
211534416
212136013
214526408
211560007
218912003
221200000
223585596
225775994
229950388
228577587
232654382
239811180
235358376
242612773
244807970
252062367
257825562
260020759
263902356
267783953
278606348
280703946
284683142
286878339
297700734
293150331
302091128
304286325
308167922
317303917
317715115
326655912
328948708
327771105
338593500
347534297
347945495
350238291
360963087
364942283
363764680
371019077
378371073
378977469
381172666
385054263
392211061
396190257
405326252
414169450
418148646
423716643
427598240
438420635
445675032
449556629
451751826
464260621
471515018
475396615
484239813
488121410
493982204
502923001
503431798
512274996
521313392
530449387
534233385
543174182
547055779
554310176
560170970
569111767
577954965
576874961
585815758
593167754
600519750
602714947
609871745
608791741
621393336
621804534
634303731
636498928
638884524
653265319
657146916
667769314
672222108
672730905
680073303
679081300
683246096
685626893
688007690
697329285
696244482
698625279
702599676
706666873
707361270
713310065
714004462
721444459
729079654
722740453
732154848
736031646
731671642
735738839
741394837
744068431
748038029
747143625
746151622
746753219
749134016
748049213
753998008
753006005
755386802
752615599
754996396
757562793
756663590
755764387
756551584
757338781
754753178
755540375
754641172
753649169
752842766
751850763
749172360
746493957
747281154
744695551
747169148
742804345
741812342
739226739
739921136
737242733
734564330
737037927
734359524
731773921
732561118
729975515
732449112
727991509
727092306
727879503
726980300
724394697
723402694
718842693
714477890
715172287
714273084
711687481
710788278
709889075
708989872
699185071
699972268
697386665
693021862
692029859
692817056
684791455
689146650
688247447
680221846
679229843
676458640
675559437
671194634
673482631
672490628
664372227
668341825
669041021
671324219
668743415
670938612
674908210
672234606
670954605
671556202
677119400
679602595
680204192
673869790
676250587
676759384
679140181
679648978
680343375
680944972
683232969
682148166
680970563
685037760
685639357
682868154
683469751
682384948
677541748
676549745
674154541
676437739
672263335
671080933
666906529
664320926
661642523
658964120
661340118
656882515
654487311
649834510
649028107
647938505
645450501
635738500
638114498
633749695
629482491
621549690
618778487
614413684
606388083
603616880
593812079
590850477
588172074
578557672
577375270
577976867
568172066
563904862
557760859
551328858
546964055
540532054
536074451
534989648
525184847
519040844
512701643
511812038
505472837
499328834
496557631
486752830
484074427
481396024
480120822
470506420
466141617
459997614
457226411
452676008
451586406
441781605
439010402
434650398
424845597
422074394
419205592
418213589
408408788
404048784
403056781
396527181
395535178
385730377
386717571
378599170
375920767
376903162
374224759
371546356
367274353
360935152
361917547
359043946
354874341
352195938
349517535
348618332
344160729
341575126
338896723
336311120
331946317
329267914
326682311
322317508
319731905
315367102
314467899
311882296
312762293
310371888
306007085
301642282
297370279
293005476
290800671
286435868
282163865
277799062
275120659
270848656
263203853
257059850
254381447
248432642
243975039
237923836
233466233
227322230
219491827
211754224
205610221
199559018
191728615
185584612
179821407
173770204
167626201
162989661
162090458
156968868
154757410
146087249
142288844
137916056
130650438
127676052
119197632
113332029
107754424
101831763
97576669
99169267
102758067
101287667
106362870
103406067
109851024
107210867
112286070
111015667
121499353
120383774
120189038
125695068
131499352
130975778
134250870
139851021
137099435
141537421
146550185
147006634
150354985
151140467
154729267
161490870
161906867
164242992
167398067
170986867
177748470
179655819
183455797
183655667
189697272
193269822
191049267
194638067
199655817
200129267
203718067
207306867
209655816
211111667
209655816
209851014
209655816
207004468
206932470
205662067
205678070
204407667
204423670
203269821
203269821
199851015
195076470
190526067
185780466
181230063
176484462
173269824
167188458
163269825
157892454
154956226
148596450
144956227
139300446
135695067
130004442
125695068
120708438
117201289
111412434
106862031
103465029
97566027
93367431
88270023
83719620
78974019
75151432
69678015
65151433
60382011
55831608
51086007
46535604
43269837
37239600
33269838
27943596
24981994
18745191
17263078
17263078
17355878
17263078
17172513
17290914
18551532
18551532
18551532
18551532
18551532
18551532
18551532
18551532
18551532
18551532
18551532
18551532
18551532
18551532
18551532
18551532
19425972
19425972
19425972
19425972
19425972
19425972
19425972
19425972
19425972
19425972
19425972
19425972
19425972
19425972
19425972
19425972
19425972
19425972
19425972
19425972
19425972
19425972
19425972
19425972
19425972
19425972
19425972
19425972
19425972
19425972
19425972
19425972
19425972
19425972
19425972
19425972
19425972
19425972
19425972
19425972
19425972
19425972
19425972
19425972
19425972
19425972
19425972
19425972
19425972
19425972
19425972
19425972
19425972
19425972
19425972
19425972
19425972
19425972
19425972
19425972
19425972
19425972
19425972
19425972
19425972
19425972
19425972
19425972
19425972
19425972
19425972
19425972
19425972
19425972
19425972
19425972
19425972
19425972
19425972
19425972
19425972
19425972
19425972
19425972
19425972
19425972
19425972
19425972
19425972
19425972
19425972
19425972
19425972
19425972
19425972
19425972
19425972
19425972
19425972
19425972
19425972
19425972
19425972
19425972
19425972
19425972
19425972
19425972
19425972
19425972
19425972
19425972
19425972
19425972
19425972
19425972
19425972
19425972
19425972
19425972
19425972
19425972
19425972
19425972
19425972
19425972
19425972
19425972
19425972
19425972
19425972
19425972
19425972
21133174
21133174
21133174
21133174
21133174
21133174
21133174
21133174
21133174
19523571
25066179
25184580
25302981
19503515
19621916
20130713
20778717
19977119
25057121
26666724
21252321
21761118
28917916
29426713
21601109
27169106
30953104
26500300
28695497
32479495
32988292
33497089
34005886
34514683
36709880
37218677
37825073
38333870
38745068
39253865
39762662
40271459
40877855
41386652
43581849
49149846
53226641
53735438
59303435
64871432
68948227
74516224
73338621
80788216
81004216
84788214
91847413
