42020797
137260791
235775986
380019179
510771172
631404765
748665558
869006354
984678346
1101939139
1218907135
1334579127
1453428721
1569003114
1684479908
1803427101
1922276695
2051342288
2151641482
2285766275
2401340668
2828355067
2972846266
3541904043
4168747287
4472573141
4202459416
4241618158
4176315826
4050755805
4047794203
4044472595
3948832585
3850867773
3841278972
3789606964
3781488563
3774589359
3768938150
3728061579
3731455181
3867696801
3841090406
3841501604
3866582594
3870464191
3874248189
3879620988
3906431218
3910312815
3919253612
3925484047
3951855248
3951701650
4050237643
4132008833
4242093634
4678952845
4866973648
5554298466
6372612140
5181156440
5041351652
4828231683
4820113282
4838002883
4805354883
4687158093
4591353306
4594911702
4611735706
4619884506
4412681393
4381740599
4476624397
4433264439
4445901226
4445280423
4430299652
4427163654
4409415127
4716120538
4747085336
5542128771
5512226373
5135650503
5147964100
5171552894
5170180093
5165434492
5164154487
5161527286
5182253704
5003048924
4774029753
4781271369
5049906584
5148519401
5276826612
5314354613
5367101814
5645837844
6288695525
6780354802
6761674814
6465642851
5480974158
4501523042
4730039859
4955033437
4952071835
4947716630
4948225427
4950420624
4969628612
5574161452
5601359852
5630959851
5590575860
5779985467
5800670270
5961247893
5725012767
5515537588
5457676796
5391384004
5233849633
5134180853
