31902397
66431991
118438396
166361591
227971184
279267179
330758372
382054367
421447963
472939156
524332750
573942345
623649539
673259134
721475126
771084721
823969517
870499109
938756703
988366298
1021209492
1074289486
1123899081
1175195076
1224999869
1271236664
1312511858
1357159852
1401807846
1443180639
1489417434
1532183830
1573654222
1618107018
1659479811
1700755005
1740343799
1774873393
1812678188
1852169383
1881444579
1929562972
1967660564
2005465359
2033151754
2081270147
2108956542
2146761337
2188036531
2224252525
2270489320
2310175713
2354628509
2380726103
2420217298
2609742094
2689866894
2735831694
2837817284
2853308483
2891231679
3025572468
3041161266
3061711665
3075711662
3094770859
3154617255
3180930849
3204951647
3225794843
3306289237
3388372432
3408922831
3422825229
3484671624
3507201220
3523180414
3526866813
3556044410
3583535607
3645479601
3662754799
3717660396
4361238064
4329388476
4274153284
4252391685
4173617291
3974142102
3864758112
3825783722
3819225330
3816193332
3661082948
3516012556
3163274969
3155620568
3067494160
3051623759
3021666956
2988247750
2992310148
2992902147
2997238146
3002982145
3029865348
3085694141
3085103738
3101814134
3139862126
3137502121
3141794916
3161564503
3165446100
3172793297
3194297293
3231822091
3237796487
3245642883
3258548479
3272826876
3276698875
3278698874
3298730868
3309626867
3310033266
3326409261
3407836449
3400063643
3411447633
3417865223
3435423610
3441372405
3441578797
3437532392
3425578787
3426082785
3423527582
3427697177
3426612374
3443501965
3452535562
3449769158
3450365956
3446077946
3448993141
3442649137
3437234730
3443332326
3455841117
3451015508
3458517901
3471649095
3472754690
3472682682
3487794679
3495671475
3492905071
3491434671
3501090667
3508458666
3509157862
3519092258
3521956251
3534671448
3598493837
3597501834
3617281029
3625821822
3626418620
3640604217
3637930613
3659170610
3711730602
3743253793
3757964190
3788968986
3796127380
3814556182
3819508181
3826533783
3868669784
3869178581
3880232979
3883919378
3887508178
3877605778
3881194578
3873076177
3878685778
3933711378
3958256976
3973861777
4014973775
4094263374
4094474575
4109210573
4116455372
4176437774
4260599377
4279776975
4335223375
4442048978
4445735377
4563975391
4569652191
4592775392
4605717793
4606597796
4599210597
4643346603
4647269804
4663058608
4648741811
4663591411
4668220213
4662905017
4664300222
4657770622
4626581841
4553146659
4393229907
4059674756
4070343557
4006007584
3968580392
3843884421
3789988427
3774255628
3775068426
3771553226
3762159623
3811113223
3811426822
3820662022
3650268426
3619908423
3612514819
3611866815
3626537200
3627037987
3623295583
3617274780
3612529179
3627156374
3625207567
3624405959
3633485949
3643125942
3642765936
3641876331
3626364326
3614487518
3613309915
3610250714
3606425108
3597916301
3593365898
3588717896
3577586687
3576209087
3571658684
3528701875
3521092271
3466881059
3460762657
3452953056
3447313051
3437719451
3433482647
3429025044
3422690642
3406767439
3399157835
3388196233
3381959430
3370977026
3368015424
3363465021
3358719420
3342477819
3326236218
3318909813
3309829809
3297151407
3303952998
3312893795
3303690591
3297258590
3289741786
3292034582
3283916181
3280954579
3283344974
3278696972
3276146568
3278336966
3275570562
3274773757
3273596154
3268943353
3269642549
3263709747
3266197741
3262269737
3256032934
3251672930
3243960928
3237719326
3233071324
3230397720
3230660113
3231482509
3235863305
3243216897
3243813695
3237860091
3240240888
3242436085
3232826482
3231741679
3230271279
3225911275
3221360872
3223551270
3225941665
3226450462
3230429658
3227370457
3217760854
3224917652
3222248847
3220778447
3226248845
3224383240
3221416839
3218861636
3224610434
3219962432
3220564029
3229690426
3226724025
3227232822
3226055219
3224877616
3223700013
3220631214
3221037613
3221932007
3229176806
3226508001
3237032800
3234363995
3232981596
3228621592
3224066390
3211202388
3208235987
3208642386
3209248782
3202719182
3200354378
3204519174
3208781569
3209192767
3223480762
3222200761
3222899957
3228560754
3229069551
3235296746
3232927143
3226880739
3222325537
3221045536
3214613535
3209965533
3203826329
3206499923
3208968721
3199163920
3194608718
3190531913
3194867912
3193778310
3186421505
3185331903
3180767103
3174813499
3178875897
3173695093
3170914292
3171696690
3170695089
3160792689
3158202287
3145904683
3145464681
3139311080
3138690277
3149391071
3146991068
3143858266
3152226263
3148418260
3149571858
3150823055
3154083849
3161416649
3165288648
3171037446
3180544641
3198469439
3206872635
3204904632
3226815031
3225911029
3231562228
3237779825
3246794226
3271538218
3274011815
3272819815
3321549409
3357843802
3363875799
3369722196
3379928590
3406368583
3399222979
3414214972
3415373369
3417939766
3420979761
3418394158
3418262956
3430888549
3424734948
3427594142
3426787739
3442507732
3436646928
3440709326
3443251718
3447998915
3451573308
3446803702
3448398898
3447314095
3457691689
3465126887
3469482082
3473232477
3480853275
3482130073
3483597270
3492861267
3501002059
3505059658
3509992455
3516787654
3533090048
3581531640
3603730037
3628102829
3668230823
3709741216
3712117214
3735790810
3756384403
3777569995
3785293191
3802030788
3811723583
3819941179
3843907572
3846385968
3858171562
3865704359
3883937957
3901462751
3927046748
3933285147
3944161940
3942974739
3945155539
3949315536
3951881933
3955246731
3964149126
3963257924
3965721923
3938061280
3936962081
3925091502
3927048486
3919925286
3917545894
3917784491
3906163694
3925198901
3926886901
3929336503
3932171702
3930872505
3952989309
3994577857
4005808526
4031866131
4058315738
4061202139
4078235735
4079914133
4140130114
4145971712
4161738107
4159270905
4173430900
4197130086
4227738084
4219426081
4236256477
4269290068
4266725267
4273066064
4273592460
4339358855
4400350846
4420994044
4460261245
4463445242
4480682038
4549152441
4582733235
4616501235
4692845241
4798859648
4845466071
4870070878
4870234083
4860368484
4858363682
4850893281
4841541282
4833947681
4798734886
4787194091
4780664491
4772659692
4726782900
4718963701
4683507702
4664696501
4655685302
4634810105
4602933308
4555914116
4537242118
4496320525
4483755725
4479606922
4464736525
4348643739
4298550940
4292578140
4255050138
4235176536
4234077336
4218701335
4212640534
4163403733
4162286933
4146629332
4137690131
4137618126
4126066124
4116358922
4029805324
4028525323
4012301321
4009427720
4004579721
3993685318
3949294923
3861246927
3854814926
3853632524
3833140399
3831860398
3824138798
3794665197
3738689222
3734036421
3726612417
3717111617
3715831616
3671594841
3659450841
3647153243
3637374043
3624814042
3618665240
3610153240
3599044433
3588575624
3583732424
3577636478
3566759684
3561854093
3557772957
3548942097
3552521299
3546594902
3547858906
3558815708
3650129328
3693297336
3736889340
3756751741
3771980543
3783951743
3800842950
3820734145
3827207740
3847759735
3853806129
3856279726
3860254123
3860855720
3861642917
3869375711
3885746907
3891412503
3899444499
3902015695
3928319691
3932386888
3933081285
3982834872
4005884469
4009473269
4016534064
4054921256
4067914853
4080409251
4077638048
4101119635
4099942032
4101258828
4108415626
4119558025
4147343625
4192594822
4208898819
4235202815
4244046013
4249516411
4257569209
4319586803
4334262001
4366166000
4369949998
4395164398
4430569196
4441505193
4460585192
4459618790
4463634791
4455516390
4446359589
4456986786
4462673184
4459829983
4472159583
4493589985
4503076384
4505482782
4504305179
4501245978
4494927579
4485082782
4466420388
4475068388
4515857189
4517954787
4557703586
4611159585
4703841179
4853095580
4862036377
5116617167
5141225165
5207181957
5238575553
5307962752
5335892354
5377981958
5379884358
5377458760
5376503562
5368909961
5378885967
5376548370
5398788382
5389972387
5375741989
5370991589
5371300389
5363202790
5318146796
5313700397
5255812407
5247900408
5247110008
5067903627
4938364437
4757698851
4730679674
4715650880
4766410902
4777657305
4808071708
4836190119
4824042921
4509438106
4177532486
4136535678
3874212457
3844022051
3836191648
3810305241
3806748437
3802290834
3801298831
3795340428
3794636423
3790580420
3786220416
3784550009
3777049198
3792879587
3795069985
3797450782
3810685970
3816943565
3818641159
3820338753
3819156351
3828972346
3828602742
3839517937
3838623533
3837445930
3838546726
3842330724
3846402720
3843724317
3846105114
3843333911
3845524309
3848404305
3842357901
3841273098
3835345095
3839319492
3833077890
3837433085
3838127482
3835161081
3831290678
3825146675
3824247472
3822068268
3817703465
3815122661
3812249060
3808188258
3808980254
3806111452
3803237851
3807305048
3804724244
3808893839
3809871435
3816300233
3815405829
3815005825
3819458619
3823618616
3822533813
3819669810
3813330609
3818893807
3814812203
3808668200
3812544998
3805090594
3800437793
3803004190
3805663387
3812384982
3816452179
3815743375
3818031372
3818725769
3822988164
3818530561
3814469759
3815164156
3814172153
3805453751
3802687347
3794754546
3775639344
3772580143
3776656938
3768631337
3767546534
3764575334
3760122530
3755562529
3758045724
3751608924
3751032918
3744693717
3746884115
3744205712
3739650510
3736879307
3737573704
3736288904
3731836100
3737496897
3737908095
3738823291
3744098491
3738056886
3750957683
3746597679
3750567277
3746300073
3753452072
3745621669
3751184867
3753679266
3750620065
3747556065
3748060063
3746584864
3748775262
3751151260
3753336859
3752056858
3759204058
3758016857
3758794456
3769685656
3773655254
3777341653
3776082454
3773306452
3771933651
3770556051
3772839249
3769991249
3767359249
3765888849
3761452048
3763725648
3769469647
3768184847
3768776846
3767692043
3769872843
3768876041
3770964041
3771653639
3774632840
3773162440
3777039238
3773975238
3774381637
3770058438
3765498437
3762439236
3762748036
3758399236
3758898435
3761176834
3761773632
3770519231
3783245632
3800701631
3799421630
3808352829
3807072828
3805792827
3801047226
3801551224
3796800824
3802359223
3797706422
3794549622
3800112820
3803984819
3802704818
3803013618
3810356016
3808983215
3817728814
3821600813
3820228012
3824007211
3826100010
3836527210
3835247209
3832285607
3832501607
3831412005
3840343204
3840656803
3840970402
3839597601
3841500001
3843592800
3835571998
3832415198
3831139996
3826394395
3831947995
3823829594
3820867992
3817901591
3813058391
3810282389
3803943188
3802663187
3801290386
3796632786
3791984784
3794077583
3787547983
3787861582
3779840780
3780242380
3770437579
3774123978
3776309577
3768288775
3772067974
3772567173
3769410373
3774968772
3765163971
3757235969
3765883969
3761421567
3751616766
3745184765
3745493565
3744213564
3743031162
3735005561
3737191160
3730563961
3673295168
3652107969
3649162370
3623523973
3613719172
3615621572
3604362374
3599807172
3583767174
3578923974
3564173575
3561299974
3541912777
3535480776
3524314378
3509656779
3521186381
3525290383
3537520787
3554104790
3560059990
3572507991
3576189591
3578400791
3590607191
3596191191
3601770392
3607143191
3624712792
3633571993
3671383193
3685368793
3699266392
3719816791
3738866390
3752671189
