31902397
56118393
78745588
118139184
135804778
171923173
197923168
239100763
248236758
284159955
312041548
346278345
370494341
406905533
429337530
467337523
487985521
510612716
551887910
588006305
612319900
650027096
659260690
695379085
719595081
757497475
776556672
817831866
841950263
864675057
904068653
921734247
944263843
961929437
994577433
1012243027
1044793424
1064047819
1096988612
1116047809
1136891005
1169636600
1187302194
1209831790
1227204587
1249929381
1281183774
1298458972
1316124566
1347086162
1361378956
1383908552
1397908549
1439281342
1441769336
1470849334
1490201328
1516396521
1533769318
1563142113
1570591708
1599964503
1620905298
1648591693
1665964490
1683532485
1717964480
1738807676
1758062071
1785846065
1808473260
1839532455
1857002851
1877846047
1907218842
1924786837
1957532432
1976786827
1997727622
2027002818
2046354812
2063922807
2088236402
2107490797
2126647593
2142626787
2168626782
2180940379
2195135574
2207644369
2230271564
2247839559
2256975554
2264425149
2280013947
2292620341
2311874736
2331031532
2336794727
2359519521
2366676319
2394557912
2412125907
2422753104
2442105098
2461359493
2480613888
2499868283
2515749878
2533317873
2559317868
2570042664
2575610661
2594962655
2617589850
2636746646
2644293840
2666921035
2679429830
2696900226
2707625022
2731841018
2749701810
2763604208
2772837802
2792092197
2811346592
2833876188
2836364182
2860677777
2871500172
2888872969
2904656965
2918949759
2943263354
2947144951
2952908146
2975437742
2984476138
2998573734
3004434528
3020023326
3032629720
3043452115
3061020110
3078295308
3089215302
3101724097
3112351294
3124860089
3147389685
3154741681
3170525677
3191466472
3190093671
3211034466
3216700062
3230797658
3263856852
3277954448
3293640845
3312700042
3328484038
3334052035
3356581631
3374149626
3384874422
3400560819
3413069614
3430637609
3446128808
3449912806
3469167201
3486637597
3502323994
3514735190
3525557585
3555243979
3572714375
3588498371
3609536765
3616791162
3627418359
3634867954
3647279150
3656410346
3662173541
3683207136
3702775130
3715186326
3729279123
3736919117
3751109513
3779104708
3791515904
3795495100
3809690295
3823787891
3849685488
3855274287
3878735082
3883547878
3885547877
3900370270
3899311068
3904971865
3913568659
3912602257
3916576654
3916987852
3924144650
3925085447
3943389443
3940443844
3942536643
3969730240
3973416639
3973632639
3986882234
4000008629
4003597429
4002224628
4009911025
4031680621
4038263019
4044448616
4051821414
4065493411
4061365410
4071190999
4070126998
4070872597
4080014993
4078544593
4086637389
4092010188
4087989384
4080302983
4070606981
4070822981
4060232579
4052520577
4036206978
4025138179
4015955777
4008331776
4009026173
4002496573
3999627771
3960720569
3953507766
3914077360
3903451759
3898989357
3884712556
3861872553
3855528553
3849282152
3837160550
3821006950
3783982946
3767824547
3741802143
3719968540
3712030940
3698134937
3693755737
3627010136
3604262933
3579443733
3567229331
3559198931
3542414930
3534579728
3528518927
3522462925
3510160522
3485819719
3468669317
3448742913
3442877310
3438131709
3431982907
3393416505
3386979705
3382326904
3373397301
3363494901
3359027700
3352899700
3348627697
3340294892
3327518891
3322866090
3311869289
3309000487
3302754086
3296610083
3288394083
3282147682
3243824478
3227701278
3219773276
3173198869
3161704465
3155267665
3149427663
3134066059
3126354057
3115357256
3112200456
3107645254
3101408451
3098725249
3104859644
3101893243
3092186041
3086624439
3077314038
3076512434
3070075634
3060960431
3055496428
3050843627
3041718826
3039133223
3034670821
3025360420
3022584418
3018904414
3017771611
3012400408
3014830804
3013829203
3009464400
3013902797
3013678795
3012779592
3015219586
3012633983
3010216380
3009904377
3007710776
3007969970
3010717168
3006254766
3001280364
2998406763
3005798760
3005089956
3011713952
3011494749
3011085147
3015235546
3012737944
3010059541
3012528339
3009752337
3011517130
3013985928
3011688323
3014853117
3009579513
3008573113
3007141108
2998667503
2994293102
2988022696
2987592292
2984904291
2979312289
2973353886
2957517081
2953523478
2937389077
2923683473
2913712271
2903750667
2893686665
2889688263
2876662659
2875949056
2873549053
2871403445
2873867444
2874219438
2873217837
2870725034
2875451429
2874737826
2877510625
2878678620
2886896216
2884120214
2888368212
2894704210
2912942607
2921371404
2928904201
2937028997
2956152190
2958337789
2960425789
2966467384
2967054584
2972710582
2977060978
2981724973
2987972970
2999275368
2996499366
2997193763
3006696159
3007292957
3013524951
3014019351
3018379345
3024128143
3031953737
3036108935
3053648126
3054435323
3061963321
3066030518
3065131315
3076536111
3075446509
3074758507
3079211301
3084964898
3083977694
3077828892
3083680088
3087937684
3085356880
3087640078
3086843273
3087635269
3088144066
3087152063
3091316859
3090422455
3094684850
3090227247
3095976045
3096865640
3099339237
3101817633
3106075229
3108363226
3116184021
3116878418
3122817615
3125393610
3120838408
3128659203
3132916799
3135395195
3136275192
3142028789
3152132782
3159065578
3159857574
3160649570
3161246368
3165313565
3169571161
3168985557
3170091152
3174657548
3173665545
3174267142
3176854341
3182798337
3181708735
3180716732
3186567928
3189143923
3189935919
3189041515
3186177512
3187071906
3182707103
3184995100
3180635096
3184897491
3180347088
3182727885
3176583882
3175791876
3176388674
3170151871
3172635066
3168270263
3167185460
3159067059
3158172655
3155303853
3149159850
3142923047
3141935843
3137287841
3130953439
3126491037
3123627034
3124419030
3120156625
3117380623
3117982220
3115118217
3110753414
3108079810
3101838208
3099067005
3097982202
3091935798
3092537395
3089761393
3088774189
3082439787
3084830182
3078690978
3077513375
3074551773
3073569368
3074078165
3067841362
3066663759
3063799756
3062914950
3061737347
3058775745
3054322941
3056713336
3052065334
3051073331
3051772527
3049089325
3051665320
3048894117
3051753311
3050854108
3056612504
3055620501
3057908498
3060484493
3061178890
3065338887
3067822082
3068516479
3072778874
3075159671
3074270066
3074866864
3077345260
3083294055
3087454052
3096966046
3101130842
3108663639
3111430033
3117178831
3121534026
3129354821
3135298817
3143022013
3147089210
3153223605
3155697202
3165580396
3169642794
3172218789
3179937186
3187855580
3186858778
3191018775
3200525970
3201405967
3207354762
3208234759
3219613954
3232293952
3233183547
3246058743
3252285938
3256538735
3271002732
3278725928
3288037925
3299607519
3312673114
3318519511
3335236306
3342954703
3354333898
3360458695
3371745090
3382929087
3392529082
3401841079
3416500274
3425909870
3430167466
3441258663
3452545058
3461764255
3473143450
3475524247
3497114642
3504554639
3515933834
3521780231
3529508226
3545282624
3554609018
3562146614
3569489012
3575345007
3586060205
3581797800
3590640998
3599679394
3610404190
3614471387
3628944982
3631325779
3638956175
3644612173
3657589767
3666711365
3668999362
3678604156
3686039354
3686548151
3692301748
3691114547
3695288941
3698975340
3701365735
3698306534
3703874531
3707756128
3715108124
3725832920
3736557716
3747282512
3754727308
3758887305
3778512900
3782487297
3789922495
3797460091
3805002486
3815908083
3819784881
3822170477
3831204074
3837152869
3840932068
3839656866
3850664861
3852855259
3851770456
3852279253
3861308051
3867261645
3865888844
3873236041
3877405636
3891591233
3893879230
3896167227
3913535225
3919196022
3924954418
3940640815
3959988010
3972296808
3988076005
3997207201
4014960796
4018842393
4032837591
4044061586
4046256783
4060344781
4066103177
4086067972
4093415169
4097389566
4117040762
4124387959
4142352755
4144352754
4144954351
4150517549
4161571947
4195594346
4204525545
4205029543
4225888742
4249251938
4251442336
4284632731
4316671128
4310645526
4334066323
4346272723
4346586322
4345306321
4379087119
4410368719
4416024717
4437120718
4451023116
4464346315
4471714314
4465184714
4465498313
4481179911
4500589512
4533013512
4533517510
4553219908
4562176708
4567667908
4570162307
4576739906
4588211907
4588715905
4591405502
4593303103
4597674301
4610375101
4606560699
4622335097
4619651895
4615283895
4612503094
4616091894
4607213493
4613955896
4610891896
4602317496
4600944695
4605223093
4581810293
4576967093
4576453493
4563389494
4532643894
4511786297
4508722297
4471624701
4458370303
4461071104
4449871109
4420443911
4414032712
4409493513
4409794317
4398957521
4397579921
4389293525
4381293525
4380431127
4374498325
4373315923
4368570322
4359498325
4356629523
4350696721
4322832723
4324827923
4308525518
4247355918
4237546318
4241039115
4208311115
4200383113
4131954320
4116583118
4098711121
4097802320
4052776719
4048597516
4008059918
3940520726
3941416726
3931920725
3934517522
3915703124
3903235923
3887514323
3852023127
3823016728
3815114327
3814219923
3809954321
3813640720
3813483913
3812296712
3812610311
3813325510
3812147907
3801067904
3799787903
3793551100
3789011901
3781299899
3778359099
3777083897
3769680695
3767218292
3763383088
3763029487
3745456689
3731927083
3716560680
3714186278
3713282276
3708629475
3684834264
3682053463
3667381457
3654584653
3640895051
3632243847
3625787841
3623114237
3614186230
3613693426
3617951022
3616768620
3633138209
3638730200
3641600598
3650600592
3651094992
3655445388
3654360585
3645554182
3641112582
3645174980
3629525378
3623592576
3622590975
3600592574
3585638975
3579979774
3570253366
3562422963
3564803760
3560634155
3562824553
3554901350
3552824544
3549862942
3543718939
3544310938
3545792532
3547885331
3544918930
3540466126
3537690124
3536893319
3541062914
3540096512
3541227708
3536677305
3540651702
3539968499
3540565297
3544046890
3541590882
3549632476
3553992470
3556475665
3560538063
3566584457
3568965254
3571541249
3574010047
3583429241
3584026039
3583326833
3584016431
3583312426
3585600423
3586387620
3594125213
3599781211
3595514007
3601267604
3600275601
3593731594
3605053188
3604854777
3600304374
3601286769
3598608366
3594536360
3592680353
3587035549
3587637146
3579806743
3573857938
3574645135
3573272334
3567230729
3564459526
3558125124
3555451520
3549214717
3546345915
3541981112
3537528308
3532880306
3530109103
3522181101
3522494700
3516448296
3508622692
3503779492
3497635489
3494869085
3490318682
3487357080
3479238679
3476277077
3468451473
3462214670
3457761866
3456486664
3448465862
3443817860
3434208257
3429848253
3432136250
3427585847
3422835447
3418377844
3412238640
3407590638
3405009834
3398773031
3392341030
3391163427
3384926624
3380371422
3377507419
3371173017
3368304215
3362165011
3362478610
3352869007
3351881803
3343861001
3339398599
3336632195
3331886594
3330894591
3321284988
3316534588
3312081784
3310996981
3306441779
3303577776
3297145775
3292692971
3289731369
3283294569
3280718564
3277756962
3274985759
3270337757
3264100954
3261329751
3255092948
3250342548
3247566546
3243206542
3240440138
3237571336
3227859335
3228660929
3222321728
3215987326
3213313722
3212038520
3211051316
3206588914
3200542510
3197771307
3191339306
3187169701
3185992098
3177873697
3176696094
3173924891
3171153688
3166696085
3163924882
3159369680
3152937679
3150366473
3145523273
3140972870
3138201667
3137209664
3132659261
3123049658
3125332856
3122566452
3118108849
3115044849
3112571242
3109707239
3108232040
3100694434
3094355233
3093363230
3089091227
3081260824
3078582421
3075904018
3071539215
3070547212
3071348806
3066598406
3067585600
3062830401
3066999996
3060860792
3052742391
3050059189
3044017584
3046305581
3045123179
3040948775
3040142372
3042523169
3041150368
3035196764
3037479962
3031238360
3030436756
3034215955
3030036752
3025867147
3026180746
3016566344
3015481541
3017579139
3008067135
3006787134
3007291132
3006206329
3003718325
3004222323
2998175919
2995497516
2992623915
2988166312
2980140711
2980835108
2976470305
2972007903
2965859101
2966455899
2962188695
2959510292
2953166292
2948899088
2946313485
2943727882
2939172680
2940243076
2936063873
2929724672
2932764667
2929891066
2920086265
2920683063
2912857459
2911865456
2908899055
2906313452
2901948649
2900771046
2894431845
2896622243
2892071840
2889588635
2888503832
2887321430
2884359828
2881486227
2877214224
2876412620
2866803017
2870865415
2866119814
2858289411
2851857410
2852649406
2849780604
2847102201
2842449400
2840156594
2833817393
2836198190
2833519787
2828769387
2822815783
2820137380
2816980580
2814306976
2811438174
2806882972
2805700570
2804801367
2803902164
2797855760
2798452558
2793799757
2794679754
2788540550
2789234947
2784582146
2781713344
2777255741
2774386939
2777055734
2775770934
2771410930
2771914928
2770639726
2774702124
2772121320
2771036517
2775298912
2772332511
2769556509
2766882905
2770950102
2771551699
2770652496
2768066893
2776249290
2779089288
2781846084
2783097281
2783879679
2781758076
2779734072
2781454068
2786542065
2782455662
2780055659
2779996455
2781814050
2788866847
2793393245
2798583640
2807513236
2801554833
2810582028
2812199626
2836270023
2844250820
2851313215
2854065212
2860375609
2866876405
2869628402
2868631600
2875039596
2877698793
2885700389
2890045986
2894674782
2900994777
2903556375
2909773972
2914212369
2925869964
2925156361
2931281158
2935909954
2943716352
2946570747
2951292343
2959098741
2963732336
2968268332
2965775529
2975277925
2974090724
2977042718
2979511516
2985738711
2983148309
2990964305
2993818700
2994605897
2999044294
3000021890
3002876285
3005442682
3006229879
3009177074
3009773872
3012716268
3016871466
3012799460
3011705059
3014554655
3012061852
3007980248
3012799443
3004969040
3006322635
3007105033
2999557829
3004191424
3001693822
2992367418
2995119415
2997969011
2993604208
2991394604
2987317799
2986604196
2989263393
2985279388
2988128984
2991168979
2987087375
2986373772
2987541767
2990196165
2986114561
2988968956
2984692154
2989320950
2984956147
2984623342
2985781739
2988250537
2987917732
2987487328
2984808925
2986162520
2990224918
2993269712
2992463309
3000372105
2997786502
3004008898
2999644095
3012704891
3008623287
3009317684
3008613679
3016332076
3017119273
3023346468
3024133665
3033626463
3034506460
3035957654
3043856852
3043333648
3046080846
3049218440
3048407238
3046007235
3045669631
3045151226
3047903223
3055988021
3051906417
3056725612
3061066410
3064004007
3063295203
3069615198
3066927197
3075119192
3082832790
3083815185
3090315981
3108626376
3111099973
3120602369
3130202364
3134455161
3142368756
3144939952
3147506349
3158695145
3164829540
3169082337
3174928734
3181155929
3185315926
3201754321
3206007118
3208768713
3211335110
3215778306
3221810303
3227651901
3228629497
3236450292
3238919090
3247115884
3253050282
3252443876
3256789473
3262631071
3266883868
3267671065
3268458262
3271219857
3280717454
3279725451
3278826248
3281490244
3280879039
3286911036
3287512633
3289986230
3288994227
3293247024
3297416619
3298203816
3302363813
3301371810
3303845407
3306133404
3308416602
3309306197
3313470993
3313974991
3311110988
3315285382
3312226181
3312930176
3315027774
3312163771
3312672568
3309808565
3310512560
3302686956
3301411754
3301920551
3299154147
3297878945
3300366939
3295816536
3296227734
3293656528
3297538125
3299830921
3296966918
3297475715
3296298112
3295598906
3289547703
3286869300
3284478895
3283486892
3284464488
3281976484
3284742878
3280475674
3281550869
3275778066
3273944461
3271730058
3266152453
3262725248
3257045245
3258213240
3261253235
3264098032
3265358827
3266619622
3269278819
3270725214
3270011611
3276702806
3272616403
3277528398
3278779595
3283691590
3281291587
3289483582
3295989177
3301928374
3310027569
3316161964
3323982759
3334981156
3339429151
3345563546
3354689943
3357451538
3363297935
3365771532
3379243526
3383496323
3389537918
3390325115
3396459510
3400805107
3406939502
3416725097
3422766692
3423461089
3426315484
3430475481
3431550676
3428779473
3429659470
3430549065
3434997060
3439944254
3441425848
3444085045
3444779442
3442193839
3444955434
3449208231
3450190626
3452664223
3453451420
3454424217
3457093012
3459752209
3464097806
3464885003
3465765000
3470212995
3474465792
3477032189
3477819386
3480580981
3491764978
3487400175
3486408172
3488881769
3491355366
3495700963
3494708960
3495588957
3503502552
3504289749
3508635346
3512795343
3517150538
3523368135
3524155332
3523163329
3529288126
3535422521
3537988918
3545800115
3552120110
3552712109
3550126506
3551598502
3554072099
3556545696
3555739293
3563652888
3567905685
3568785682
3573038479
3579950473
3581422469
3589048066
3588833662
3591492859
3597432056
3598414451
3600888048
3600174445
3604241642
3603435239
3605908836
3610068833
3614414430
3618769625
3621336022
3631528016
3634094413
3635076808
3635761607
3639208001
3650679996
3653246393
3665022389
3675399983
3684526380
3704094374
3737975964
3767230350
3769230349
3769739146
3770247943
3765697540
3780638334
3810638323
3853697512
3866324708
3865147105
3886519900
3918011095
3915147092
3941460686
3945147085
3959774280
3969028676
3974596673
3980164670
3977300667
3981182264
3994123059
3992945456
4001886253
4007454250
4011335847
4011844644
4027844640
4026471839
4044353433
4054980630
4057175827
4062743824
4074471817
4080318214
4084385411
4101044605
4105111802
4121678196
4146481392
4192714984
4210967778
4219903776
4229127772
4269895765
4275556562
4286369359
4290246157
4301465353
4328556546
4334314942
4334916539
4352783736
4358634932
4359236529
4368172527
4377905320
4385345317
4394785313
4398759710
4408292506
4423193302
4423794899
4429455696
4431743693
4444649289
4441975685
4456567681
4467596478
4464922874
4491583669
4487630064
4495090863
4505343657
4523905251
4521134048
4526794845
4534255644
4530106841
4536169238
4533207636
4528879638
4526031638
4525060437
4512362835
4484468437
4478124437
4457524438
4451092437
4435145239
4424426838
4413434836
4402433236
4397873235
4382311634
4360895634
4350660429
4344903629
4340538826
4333486022
4330705221
4330393218
4320174016
4317588413
4311058813
4306689211
4300252411
4301132408
4292697205
4285639602
4284833199
4280175599
4275620397
4274813994
4270449191
4265889190
4256764389
4249809184
4247130781
4247434782
4243445978
4240767575
4231740373
4225401172
4222722769
4216861965
4208929164
4194961163
4192561160
4188191558
4188593158
4184223556
4174418755
4168557951
4164095549
4156260347
4152097147
4147825144
4140082742
4139183539
4136212339
4130249137
4125786735
4117761134
4113396331
4110517931
4105957930
4096250728
4097130725
4094066725
4081676321
4064145121
4054839519
4052156317
4048901918
4044537115
4046913113
4037201112
4034522709
4035212307
4029465105
4028565902
4020349902
4017877901
4010042699
4000829897
4000141895
3995679493
3991021893
3984780291
3980122691
3978842690
3970719490
3971213890
3963281089
3964068286
3959601085
3953442685
3945417084
3939268282
3935089079
3930617079
3917831480
3905621877
3897596276
3893221875
3891100272
3879649072
3868295471
3863100270
3859013867
3852767466
3844829866
3831599466
3830685866
3819972264
3815700261
3810949861
3786753060
3775658660
3772785059
3766441059
3770689057
3762570656
3761481054
3757209051
3761271449
3758490648
3755900246
3748183445
3739260247
3738356245
3730233045
3712879443
3697905042
3692245841
3692735442
3689861841
3687178639
3679245838
3672497035
3667649036
3654154633
3656618632
3646716232
3642650631
3638378628
3635978625
3636570624
3628130622
3618401021
3617785017
3618757814
3614300211
3616861809
3613988208
3613089005
3608621804
3610905002
3608504999
3609384996
3606706593
3605612192
3607988190
3601844187
3605999385
3610154583
3608967382
3606386578
3603420177
3604300174
3605087371
3614492168
3604687367
3611322567
3604983366
3608141762
3612888959
3618632958
3610514557
3616258556
3613482554
3613186554
3608528954
3605948150
3604464949
3598418545
3598517740
3599207338
3596528935
3596832936
3593255330
3588700128
3584448927
3570397724
3570794525
3567828124
3553560921
3554255318
3535444117
3522976916
3517728913
3495850509
3496642505
3493578505
3491496900
3489816895
3490599293
3484856890
3482482488
3476143287
3477336883
3472874481
3469810481
3470690478
3469698475
3467020072
3465920872
3464826471
3464324069
3458175267
3457965662
3458474459
3453631259
3452669656
3449708054
3441903252
3442412049
3434488846
3428565642
3425604040
3422740037
3418189634
3415032834
3408893630
3410796030
3403068025
3398831221
3394280818
3388162416
3386984813
3376002409
3374824806
3370372002
3369096800
3361584795
3358623193
3352483989
3347738388
3341815184
3335675980
3329146380
3325007175
3316888774
3303355966
3300296765
3299021563
3288136758
3283997553
3280074348
3277307944
3273071140
3270304736
3273991135
3271224731
3252437525
3223845518
3217511116
3211371912
3206723910
3200291909
3197330307
3192682305
3184661503
3178424700
3168933498
3164090298
3156362293
3144989493
3140362293
3131163888
3121965483
3118906282
3114355879
3111394277
3111903074
3104391069
3104899866
3097701460
3096739857
3091994256
3092503053
3096091853
3094914250
3090363847
3087618245
3089911041
3080203839
3085771836
3086280633
3088475830
3094768624
3092434220
3089472618
3083549414
3083960612
3077723809
3078135007
3071800605
3072309402
3069445399
3063110997
3062030993
3060950989
3059578188
3058498184
3057320581
3056435775
3058533373
3055669370
3054589366
3055098163
3058979760
3057899756
3051662953
3055544550
3052582948
3048227743
3045266141
3045872537
3044597335
3041635733
3037085330
3040966927
3038200523
3038709320
3040904517
3039824513
3048862909
3051155705
3049782904
3055448500
3057643697
3058152494
3065406891
3064326887
3068403682
3075462881
3067734876
3074891674
3082146071
3081261265
3081574864
3090613260
3091122057
3088160455
3090453251
3092941245
3095038843
3093666042
3089213238
3094781235
3091819633
3097290031
3087778027
3093346024
3097227621
3097834017
3098245215
3100440412
3099165210
3099576408
3098398805
3104162000
3104768396
3106670796
3108768394
3112649991
3104921986
3101765186
3095528383
3106057981
3096350779
3091605178
3085465974
3089347571
3089661170
3086797167
3080365166
3089305963
3082971561
3085166758
3075264358
3079243554
3079752351
3075104349
3071947549
3080790747
3078024343
3073473940
3067041939
3071118734
3069745933
3065195530
3067390727
3071272324
3066721921
3072289918
3069230717
3076680312
3073523512
3072443508
3071265905
3080206702
3080715499
3079537896
3081635494
3084025889
3082653088
3084848285
3087141081
3091022678
3089552278
3088472274
3088981071
3092765069
3095057865
3088821062
3092605060
3094897856
3088758652
3094229050
3089483449
3097030643
3095560243
3096264238
3093107438
3093713834
3099281831
3096417828
3093553825
3099121822
3099533020
3095080216
3102432212
3102745811
3099979407
3103861004
3104272202
3111624198
3113916994
3112641792
3113052990
3115345786
3116049781
3116265781
3115185777
3114008174
3112830571
3109864170
3108784166
3107601764
3108012962
3103750557
3102280157
3101195354
3100017751
3098932948
3095971346
3098356942
3093611341
3090937737
3093132934
3090068934
3085518531
3087616129
3081667324
3082078522
3079307319
3083188916
3083790513
3084392110
3074587309
3078566505
3077286504
3081168101
3075028897
3073748896
3076036893
3073172890
3066643290
3065465687
3066164883
3070139280
3064000076
3064508873
3054699273
3055110471
3045403269
3047598466
3036724865
3037233662
3022241658
3006622456
3010596853
3000889651
3003177648
2998529646
3000720044
2996385641
2986673640
2988961637
2985804837
2996817631
2987012830
2992673627
2984555226
2993491224
2985665620
2987665619
2990148814
2992051214
2992750410
2991377609
2993665606
2994174403
2993089600
2996971197
2995691196
3008313593
3010699189
3011207986
3015182383
3018868782
3034745578
3035444774
3047851171
3044791970
3055511967
3059486364
3066740761
3077460758
3079655955
3093748752
3099409549
3105070346
3119070343
3117985540
3125137539
3140921535
3144993531
3140247930
3152654327
3158315124
3165471922
3172916718
3169852718
3182644712
3195143909
3199118306
3215083103
3220646301
3229772698
3237310294
3253089491
3260529488
3276401485
3280375882
3289409479
3303595076
3316094273
3331966270
3342779067
3356871864
3365998261
3385243058
3392492656
3415398251
3424529447
3445553444
3456273441
3479179036
3501796633
3505771030
3521638228
3542862222
3565572619
3574508617
3581753416
3601291010
3620535807
3627883004
3637009401
3651004599
3666974195
3679380592
3693375790
3700913386
3711726183
3731073378
3734852577
3745567775
3747953371
3762334166
3766113365
3787142161
3799738957
3810361355
3814335752
3823462149
3827343746
3829631743
3843822139
3846110136
3856830133
3862583730
3880337325
3892650922
3900090919
3905751716
3909726113
3916882911
3922543708
3933361304
3935742101
3942996498
3952122895
3954313293
3961465292
3972478086
3965948486
3968334082
3976087678
3981650876
3979095673
3981399673
3985878068
3995724463
3999503662
4001694060
4007257258
4009447656
4011540455
4012142052
4009175651
4014738849
4023674847
4026055644
4026369243
4025495641
4036406037
4033439636
4032066835
4035943633
4040324429
4039646025
4046993222
4047302022
4044628418
4046916415
4054166013
4051009213
4056783612
4060470011
4060876410
4061190009
4060105206
4065673203
4062902000
4058058800
4063529198
4067503595
4068223593
4068732390
4077781990
4076815588
4083679589
4082594786
4081221985
4081535584
4085607580
4082759580
4090111576
4092301974
4092610774
4093237972
4100487570
4111516367
4110045967
4112045966
4121295563
4121604363
4127167561
4129378761
4138407559
4153921156
4152738754
4153453953
4148708352
4152889151
4153100352
4157455547
4151327547
4148361146
4137575546
4136985143
4130548343
4124301942
4120055540
4113716339
4110554740
4099959539
4093527538
4090463538
4079276338
4080063535
4056121136
4054933935
4053746734
4051485934
4050890732
4042772331
4044957930
4038829930
4027642730
4006650729
3998532328
3992095528
3983977127
3979226727
3969421926
3962985126
3956455526
3940018727
3935273126
3925370726
3917247526
3910908325
3906157925
3898234722
3881802722
3875463521
3868836322
3860908320
3856157920
3849628320
3834780322
3813788321
3802508321
3789634721
3781516320
3776765920
3773701920
3759044321
3752417122
3746175520
3733404318
3726874718
3710535518
3705789917
3695887517
3694700316
3688556313
3684617114
3685209113
3689673111
3685210709
3682929107
3685701906
3689861903
3683332303
3689359501
3684706700
3681833099
3683921099
3682741899
3689796299
3693858697
3689205896
3698429892
3699525889
3714373886
3756023481
3816066680
3832644278
3901129075
3915004275
3912033075
3918868272
3923229872
3931485869
3935569069
3937949866
3945287465
3961540260
3974914655
3980565854
3996809051
4024658647
4023569045
4031292241
4038913039
4054042638
4067969033
4071033032
4071717831
4072305031
4069613827
4068017024
4047877822
4041441022
3997215419
3966777016
3937825016
3913045814
3861908207
3842881006
3838223406
3795716200
3757764196
3735276194
3727348192
3692362589
3686023388
3656373779
3650127378
3643983375
3623855368
3598122558
3597418553
3583503344
3570399337
3559778535
3555418531
3530828122
3518335320
3510602516
3502576915
3498309711
3465488905
3461026503
3438924098
3404236091
3367466489
3358165686
3315368876
3307440874
3301194473
3282181669
3274253667
3244023263
3237781661
3228167259
3199628054
3185258453
3167711250
3147095248
3146005646
3139861643
3133620041
3132623239
3121733635
3118957633
3114402431
3111821627
3112320826
3109637624
3105272821
3104183219
3102292013
3101300010
3105557606
3104760801
3105547998
3104551196
3107117593
3108095189
3105509586
3102738383
3107186378
3111439175
3119259970
3118267967
3117373563
3115477558
3116079155
3113400752
3117560749
3118352745
3119051941
3125495136
3127875933
3128663130
3128581524
3134427921
3131656718
3132546313
3128181510
3125215109
3125904707
3124912704
3121339897
3118461497
3112914292
3115490287
3113403883
3108848681
3107949478
3108834274
3105863074
3105256668
3097226268
3098018264
3097119061
3094343059
3095130256
3094328652
3089866250
3085599046
3077573445
3081728643
3075770240
3072994238
3076205436
3077647032
3078429430
3074347826
3075032625
3077784622
3075203818
3074397415
3072002211
3074187810
3073479006
3070898202
3068219799
3079955797
3076152593
3071494993
3072843789
3073899788
3075243785
3070869384
3072315779
3073371778
3074520577
3072594172
3068219771
3067310970
3064730166
3064016563
3059554161
3056968558
3057653357
3047848556
3047237351
3049608550
3041963747
3039285344
3039970143
3032330139
3036773335
3026870935
3020624534
3019725331
3015067731
3014744524
3004842124
3002158922
3002848520
2995208516
2990453317
2989934912
2987256509
2982598909
2978136507
2977427703
2976621300
2977213299
2967789296
2968674092
2964309289
2961435688
2956978085
2961040483
2943797281
2944198881
2936173280
2930122077
2923880475
2914168474
2908210071
2900184470
2895824466
2889578065
2885496461
2877568459
2867666059
2863306055
2857347652
2852499653
2848325249
2838618047
2834248445
2828104442
2825323641
2812738039
2808378035
2798475635
2792331632
2781432430
2778661227
2775978025
2763202024
2762112422
2755680421
2746158819
2744976417
2743886815
2734370012
2731594010
2723763607
2720699607
2718114004
2707312401
2701168398
2700171596
2693832395
2692937991
2688285190
2685606787
2681051585
2676496383
2675406781
2672728378
2668363575
2670934771
2667773172
2665192368
2659141165
2660118761
2660422762
2661117159
2657035555
2655950752
2647925151
2648902747
2647813145
2643253144
2642358740
2636209938
2634832338
2628883533
2626097933
2621640330
2622237128
2615990727
2613219524
2613811523
2604299519
2604793919
2597153915
2595971513
2589822711
2586953909
2585957107
2584867505
2580307504
2570981100
2573171498
2568709096
2569110696
2564741094
2559990694
2557214692
2555929892
2551467490
2548593889
2549093088
2541160287
2541659486
2537099485
2530667484
2527696284
2523233882
2518581081
2508776280
2505902679
2501435478
2496782677
2492222676
2482417875
2482726675
2474891473
2470331472
2465678671
2459246670
2456373069
2451813068
2447062668
2442693066
2437947465
2433197065
2428637064
2424081862
2421301061
2416550661
2412088259
2402283458
2402685058
2394849856
2393565056
2385637054
2380984253
2376424252
2371678651
2372173051
2362558649
2357808249
2353155448
2348693046
2340667445
2341069045
2334827443
2331949043
2322241841
2317398641
2312653040
2308000239
2303347438
2295326636
2294046635
2289301034
2281275433
2278309032
2276931432
2267224230
2264257829
2257825828
2253075428
2248520226
2243677026
2239024225
2231096223
2226350622
2221697821
2216854621
2210613019
2207646618
2197841817
2198248216
2193595415
2187163414
2180731413
2172705812
2164685010
2158155410
2155286608
2150633807
2142417807
2141137806
2137981006
2128273804
2130366603
2120561802
2112536201
2111065801
2104824199
2098294599
2100387398
2090582597
2094552195
2100017794
2103889793
2104393791
2104609791
2115417789
2115628990
2117819388
2118225787
2127059387
2125784185
2132936184
2131656183
2133651383
2142489782
2144582581
2141713779
2147086578
2145806577
2154644976
2158326576
2160419375
2157457773
2159550572
2159956971
2158676970
2155617769
2160990568
2173011368
2181854566
2200620966
2214425765
2228230564
2242132962
2254344161
2259716960
2270051360
2277110559
2284360157
2289918556
2302222555
