31902397
52745593
92236788
140355181
174787176
210905571
251985567
289887961
327887954
367379149
403497544
442891140
463636737
511852729
551343924
585775919
623580714
664660710
712876702
738779098
774897493
807740687
848820683
897036675
921155072
972646265
1008764660
1046569455
1067510250
1113649446
1143119840
1164060635
1210297430
1227865425
1270924618
1301983813
1334729408
1367475003
1396847798
1429593393
1447161388
1473063784
1499161378
1530122974
1568220566
1585788561
1625279756
1640868554
1682338946
1694847741
1725906936
1751906931
1782868527
1822652519
1838338916
1866025311
1897279704
1938457299
1959398094
2000478090
2031634884
2050791680
2093948472
2107948469
2151007662
2182066857
2201126054
2242498847
2273558042
2302930837
2322185232
2365049227
2384206023
2425676415
2448303610
2462303607
2498519601
2522833196
2555599593
2588268391
2621327585
2630268382
2640797980
2658170777
2703250771
2723996368
2739780364
2753682762
2771250757
2783759552
2811055551
2828330749
2842525944
2872212338
2915292333
2948253928
2986274723
2991842720
3012881114
3030253911
3050999508
3053097106
3101333900
3132999491
3143431490
3169236287
3178177084
3198825082
3204588277
3223842672
3236156269
3270804264
3279549863
3313981858
3322922655
3364511448
3371765845
3425668235
3446825030
3459236226
3473236223
3499257020
3518218618
3640461810
3671053812
3722468208
3754941808
3765276208
3873509805
3873916204
3916605799
3964052195
3979327390
3981728989
4065239391
4085580191
4091791389
4089452186
4089760986
4098095383
4123690581
4124096980
4142117777
4166485782
4182416988
4181064989
4198752993
4209551395
4208296995
4201253795
4172890588
4176860186
4162701786
4150836182
4127332178
4109138577
4090610575
4019412179
4003748180
4002565778
3996412177
3990068177
3936120978
3910300177
3891448978
3868413777
3816810577
3808970576
3761122580
3742178581
3734837779
3727007376
3690236177
3635370582
3585901782
3515496982
3510751381
3499476180
3480268178
3450391371
3447234571
3436556168
3423692166
3404920963
3383791361
3357973759
3353527360
3347188159
3329410555
3326444154
3303207356
3272812153
3266570551
3249223354
3247708156
3229167353
3215879352
3179216956
3176832956
3168408957
3165730554
3166600953
3160756152
3127002549
3125004146
3108290546
3103916145
3064415341
3061541740
3055485738
3056072938
3045496936
3037045730
3030901727
3028399326
3021223322
2994076117
2982613713
2976743311
2922351302
2906876099
2905448893
2901949690
2896453683
2893648877
2897706476
2903236071
2905578466
2906762464
2942322455
2945007253
2943229649
2944320847
2943346443
2942261640
2953061636
2953756033
2963072829
2963860026
2971984822
2981914419
3002029615
3011341612
3018869610
3038100000
3042259997
3061583187
3065845582
3066539979
3077445576
3087549569
3095179965
3102907960
3112224756
3118066354
3129264748
3182091936
3189819931
3198936730
3217472723
3249789520
3321867900
3353192694
3368469489
3377786285
3383637481
3384331878
3395335074
3400194267
3397927062
3398714259
3397922253
3405059845
3402288642
3404767038
3407050236
3409626231
3409040627
3406167026
3400023023
3398635815
3397355814
3398147810
3395279008
3388549401
3387176600
3379752596
3380451792
3377773389
3373315786
3368760584
3364611781
3358966977
3357789374
3357486969
3358088566
3355512561
3358314154
3357131752
3351110949
3352627742
3349856539
3350555735
3349475731
3349984528
3349115725
3350030921
3355424512
3354149310
3358746106
3356195702
3361398890
3373728490
3375918888
3382016484
3382741281
3383779677
3386072473
3386386072
3382344466
3379382864
3378894859
3379306057
3380005253
3384293249
3386894845
3387306043
3388098039
3392072436
3385738034
3388026031
3393789226
3395984423
3392827623
3393434019
3397506015
3394832411
3392154008
3394848404
3408041998
3421569993
3425641989
3422777986
3465459573
3478149169
3484000365
3502253159
3513446754
3519107551
3531801946
3540928343
3550157138
3569993934
3575752330
3595465926
3622707520
3644014716
3650158709
3661157106
3675630701
3696659497
3707755493
3722414688
3729752287
3749294680
3756739476
3765768274
3776966668
3791054666
3794931464
3811112261
3818768258
3829699456
3844189054
3849942651
3880966643
3879333041
3876459440
3885683436
3904867429
3928544224
3925582622
3951958622
3960920221
3968483418
3990113817
3990813013
4013688214
4027590612
4082302613
4093048211
4112339411
4134987408
4159224206
4159635404
4196192204
4214094600
4222958600
4261273798
4259900997
4267252993
4290704190
4298174587
4347195391
4357524992
4377747391
4390076991
4463129787
4504051386
4545092992
4566305799
4571669000
4603784200
4597470600
4602745800
4605909001
4621024206
4616152208
4616368208
4617325008
4617541008
4616168207
4624680212
4616675413
4614229013
4608013012
4610893014
4585075418
4540105831
4535457829
4449179447
4433061046
4428619446
4422317055
4380593865
4369957066
4362806669
4342462668
4317713872
4269798679
4240104279
4223387483
4165315492
4143625891
4136187490
4107907495
4092953896
4079805098
3980701115
3984480314
3971843516
3936363519
3903073920
3859576323
3855659523
3838680326
3819033926
3809440326
3790469126
3772001924
3739971524
3732275525
3726038722
3703669121
3691304318
3645613110
3635305907
3616712311
3612955510
3613873908
3575201911
3569481906
3596288293
3608155488
3614693078
3611917076
3612611473
3611712270
3610525069
3602315464
3586326658
3585437053
3584665849
3588742644
3592526642
3582624242
3575209836
3574433833
3573056233
3568603429
3555688221
3553040218
3533195412
3530136211
3524326609
3521000202
3524851395
3525360192
3516563387
3522516981
3530414569
3533011366
3533900961
3532816158
3535294554
3539176151
3552776144
3551788940
3548051335
3539537729
3535496123
3532550514
3515918507
3511270505
3506910501
3497614497
3495064093
3492200090
3489526486
3480035284
3475772879
3471408076
3461603275
3455752069
3449315269
3443176065
3437032062
3434260859
3431396856
3426846453
3422296050
3417838447
3406748846
3399016042
3396054440
3398347236
3393796833
3389148831
3389755227
3386598427
3383832023
3384536018
3380078415
3375430413
3375841611
3373172806
3368329606
3365465603
3359326399
3361516797
3357063993
3354380791
3348041590
3343583987
3340719984
3336169581
3328051180
3321814377
3312615972
3311438369
3293828766
3281083165
3271473562
3258507162
3239817555
3231991951
3222500749
3219734345
3215276742
3210937540
3204505539
3200043137
3197276733
3194412730
3188078328
3185311924
3185718323
3183142318
3180083117
3177507112
3172859110
3166812706
3160375906
3157804700
3151372699
3150190297
3149007895
3143059090
3140380687
3132359885
3138499079
3133748679
3130982275
3128211072
3123563070
3117516666
3119707064
3115156661
3112483057
3109423856
3108534251
3103886249
3101207846
3101995043
3096041439
3099913438
3090494234
3089409431
3086731028
3084247823
3079883020
3082542217
3077987015
3075318210
3074135808
3069678205
3066907002
3063945400
3056217395
3056530994
3052078190
3049214187
3049722984
3058756581
3055892578
3060052575
3053815772
3049162971
3046201369
3050370964
3049095762
3044735758
3038298958
3038905354
3034354951
3036926147
3035841344
3029599742
3025142139
3029302136
3026530933
3022166130
3021076528
3016716524
3017220522
3010783722
3013271716
3012089314
3014474910
3008042909
3006865306
3004470102
2998038101
2996860498
2994089295
2994593293
2995190091
2989143687
2986274885
2993905281
2989062081
2984511678
2983334075
2985529272
2980978869
2972958067
2975246064
2974068461
2969518058
2969734058
2963590055
2962607650
2964890848
2962026845
2960751643
2957882841
2955018838
2957209236
2956031633
2960284430
2955924426
2954746823
2948310023
2950690820
2946140417
2941878012
2937034812
2935852410
2931394807
2928623604
2925852401
2924772397
2923497195
2913887592
2911018790
2911522788
2908751585
2906263581
2899929179
2895183578
2887450774
2881111573
2881620370
2882221967
2879260365
2877887564
2878581961
2877497158
2874730754
2870180351
2867023551
2864252348
2866633145
2858807541
2855748340
2856159538
2858540335
2857645931
2853188328
2852010725
2855892322
2853121119
2846967518
2849157916
2846293913
2843420312
2840746708
2837882705
2841852303
2839549899
2838465096
2842527494
2847253889
2843357885
2837301883
2840337079
2842996276
2840503473
2841090673
2838690670
2845474665
2841193064
2844980258
2849413856
2849071453
2852199449
2853260247
2861721044
2864937041
2871911435
2878495433
2880029829
2883148227
2882713024
2891833019
2899927415
2902489013
2915842606
2925521004
2937173800
2943112997
2952991392
2959858589
2978716186
2992328983
3009416978
3025180175
3032898572
3045964167
3055280963
3071900159
3072687356
3078914551
3088519345
3090807342
3101903338
3099600934
3113967332
3114764127
3117237724
3121397721
3130719316
3136658513
3142792908
3145549704
3146244101
3152280897
3151850493
3156479289
3161303283
3164148080
3170375275
3166103272
3168957667
3167960865
3172594460
3170008857
3172956052
3170463249
3168253645
3174383241
3170018438
3169212035
3168688831
3173132027
3171117621
3170311218
3174852013
3179392808
3178679205
3178068000
3182599197
3185355993
3184642390
3185810385
3185482379
3186455176
3190991172
3185037568
3192853564
3190560758
3199775156
3197482350
3198171948
3202717542
3205376739
3208045534
3217738329
3216746326
3219312723
3216634320
3217709515
3218399113
3223037507
3222231104
3226674300
3233463094
3232373492
3233531889
3234885484
3234547880
3237207077
3241835873
3246655068
3253058265
3254319060
3255477457
3264045451
3269050246
3276954243
3284677439
3287341435
3303872630
3313375026
3326440621
3337629417
3334858214
3344267810
3353965404
3363179802
3367534997
3370008594
3372579790
3381989386
3394869381
3399122178
3413688573
3421314170
3430821365
3436667762
3435675759
3445368554
3442787750
3449107745
3461694943
3474853338
3479584532
3494336527
3507397323
3511650120
3523414912
3524294909
3530229307
3533274101
3548114097
3550870893
3562435688
3571938084
3569352481
3572202077
3571302874
3587829270
3590776465
3593342862
3596294856
3609546051
3627666047
3632016443
3641894838
3649803634
3657522031
3663960427
3661282024
3658701220
3668296416
3668990813
3675912405
3676885202
3677769998
3673209997
3673704397
3672517196
3669838793
3670147593
3665782790
3666467589
3660133187
3662704383
3658246780
3662211579
3661318873
3663597272
3670696472
3664450071
3667922076
3669677278
3667117279
3665136353
3666507680
3672330082
3670733283
3671354082
3671629283
3666966884
3664193929
3663826087
3662270888
3662946089
3661365290
3660905917
3663576490
3661531693
3663648306
3664299693
3665129900
3670142897
3676360498
3679872287
3685288500
3687650101
3684674102
3687230901
3696235704
3707214905
3709485060
3724546105
3738053308
3746258109
3762389310
3765483711
3782547432
3794946113
3801902914
3815422913
3823197014
3833544515
3843326607
3862822918
3865430598
3871278921
3881979722
3890654921
3907274117
3913208515
3926181310
3935493307
3948373302
3956277299
3966558928
3980725330
3987165322
3996659716
4001792510
4006138107
4026816498
4033254894
4037702889
4049894882
4055834079
4056528476
4055536473
4069203665
4071677262
4076832454
4083776444
4091002037
4097254833
4094576430
4102106024
4097555621
4096960419
4100808413
4104866012
4110526809
4111618007
4119840402
4124304400
4121435598
4127272397
4129550796
4132019594
4139261190
4155905987
4179166778
4182325174
4176078773
4189345971
4194592367
4200526765
4197750763
4198342762
4205875559
4220017955
4225771552
4257256345
4269833945
4272518743
4271331542
4318259534
4348069131
4424385914
4474875502
4473405102
4489955499
4489112297
4499857895
4496917095
4492171494
4509606689
4530825890
4547494688
4577201880
4600184278
4609717080
4617403477
4609285076
4601264274
4596518673
4605501074
4642776275
4652641871
4722774668
4725299467
4722657869
4717965066
4715093067
4712147468
4711603468
4694553876
4694862676
4692209874
4690734675
4668390675
4655233876
4650889875
4646046675
4629281876
4615499481
4609685080
4601680281
4595577882
4589336280
4568797081
4563101081
4561070678
4553374679
4550505877
4517603471
4508205069
4500792269
4447614671
4394645072
4377701072
4343219476
4342032275
4329446673
4317464274
4302899475
4298241875
4283888277
4275765077
4266547476
4261889876
4254853075
4243661076
4242283476
4215753877
4213467476
4209005074
4196528275
4186211474
4186422675
4167485071
4164709069
4140091471
4118936271
4111955474
4096301073
4102125071
4101230667
4089325065
4084672264
4062800259
4022533063
4010416260
3988793861
3984707458
3976168254
3954677056
3953577856
3955219458
3955195453
3930721851
3927941050
3920893045
3918400242
3868862643
3867819437
3869405035
3870187433
3826307435
3809061030
3809961829
3803622628
3798081828
3795985826
3785776222
3739219417
3731785815
3724059416
3711080215
3677309010
3670877009
3666317008
3664939408
3655341009
3649387405
3644641804
3641861003
3616736202
3590301000
3580702601
3581392199
3565654596
3557342593
3549715389
3532987389
3520824189
3502403384
3496259381
3493580978
3492588975
3475257772
3457926569
3440904166
3438318563
3426427358
3421872156
3405929757
3391160152
3390449731
3389355330
3390235327
3382420927
3358939325
3345363316
3342592113
3338033708
3334667303
3333870498
3337937695
3339902485
3339992082
3352272076
3358304073
3364433669
3363636864
3373740857
3376713653
3377403251
3381470448
3383851245
3389795241
3392273637
3407148832
3404174419
3406555216
3407700524
3419698935
3421689336
3424070133
3444292526
3446798139
3457503739
3473756534
3474636531
3473644528
3492273321
3494839718
3499102113
3512590110
3520606103
3525553297
3532890896
3532186891
3531292487
3532583682
3533082881
3535990159
3543522956
3544217353
3547292547
3553046144
3553930940
3563057337
3560193334
3563977332
3569642928
3565190124
3567385321
3566110119
3568305316
3573775714
3572598111
3571420508
3571831706
3570751702
3569476500
3575142096
3575553294
3576375690
3573316489
3576138884
3576550082
3584020479
3587902076
3593470073
3593978870
3599742065
3600250862
3599073259
3599386858
3598111656
3597031652
3604188450
3604697247
3606990043
3614049242
3613380436
3617380434
3617791632
3625241227
3629122824
3625004421
3625610817
3628022014
3628530811
3634001209
3632921205
3638586801
3639095598
3642977195
3640113192
3642935587
3651778785
3652189983
3656169179
3661834775
3665716372
3666029971
3667165966
3667577164
3668085961
3670692356
3674476354
3677082749
3681709945
3683709944
3679159541
3686413938
3688825135
3670629938
3654629938
3636511538
3629981938
3620177137
3603765939
3589215537
3595549935
3597549934
3600058730
3595842728
3609745126
3604999525
3609020325
3602588324
3613431521
3613940318
3609194717
3607724317
3614135512
3614351512
3609821911
3607153106
3609055506
3620644302
3629698701
3637143497
3642938698
3658615497
3686261890
3693413889
3698981886
3706129086
3711599484
3712108281
3729882678
3728505078
3758181874
3772079473
3798285870
3810497069
3822805867
3861028265
3871650663
3877409059
3891717856
3905713054
3938876252
3966676249
3997941846
4008759442
4014127442
4019690640
4031901839
4054935433
4063773832
4075985031
4086705028
4092268226
4109847425
4125626622
4131097020
4138639415
4135580214
4146295412
4153549809
4165981807
4181879405
4185761002
4198485797
4245149793
4259149790
4273149787
4313671386
4314175384
4356058580
4371935376
4379189773
4411458567
4422698565
4438380163
4449028162
4456282559
4465717756
4479919356
4485389754
4485812156
4496336955
4520980152
4528332148
4532208946
4537864944
4552271340
4561392938
4563392937
4570642535
4577044132
4596509728
4598704925
4606293723
4615352921
4617348121
4619348120
4637770517
4640455315
4639082514
4637895313
4633484113
4632013713
4627365711
4636301709
4641674508
4650872909
4643156108
4638508106
4642194505
4647213703
4652802502
4663327301
4675944899
4683220098
4682608899
4688074498
4702429698
4711720899
4710461700
4712960898
4715372095
4732767296
4729703296
4720608895
4714367293
4705479294
4699047293
4699360892
4697983292
4685237691
4675736891
4654597691
4641740094
4632434492
4563255298
4530288900
4499287302
4454845706
4433472907
4392620111
4389556111
4353628111
4332255312
4324250513
4311576910
4251330512
4237784913
4235029713
4242397712
4231874515
4234744913
4236717713
4214336917
4220477717
4216597716
4217189715
4226394515
4236005714
4389732123
4414365722
4427308123
4486589725
4484004122
4528903323
4524255321
4523072919
4558140113
4564309707
4575797705
4569074503
4562756103
4546522503
4520736906
4261208911
4246941708
4206335306
4198407304
4095485703
4007524096
3970671292
3956496889
3897160882
3889330479
3876940075
3833850468
3829388066
3802730459
3795085656
3790628053
3784484050
3770314446
3756052042
3698500034
3682448832
3665698424
3657770422
3629338414
3608834408
3594664804
3588423202
3561672795
3547781591
3516080787
3509834386
3501906384
3472479180
3466232779
3463554376
3457117576
3446218374
3441946371
3435602371
3422405564
3392072752
3387615149
3383157546
3378699943
3374530338
3364511133
3364770327
3356818320
3350859917
3348274314
3344840703
3349195898
3359477489
3357107886
3363525480
3360661477
3367295071
3366802267
3369275864
3375122261
3374125459
3382043853
3386296650
3390744645
3392031041
3389352638
3394104634
3391328632
3392408626
3394975023
3393792621
3394770217
3399429413
3410623008
3409533406
3403199004
3408053398
3400907794
3397848593
3400414990
3396950986
3394555782
3397024580
3396037376
3393256575
3399483770
3395021368
3397592564
3401152560
3401851756
3398982954
3402331749
3401926946
3399248543
3398941339
3394581335
3391995732
3394773330
3385451725
3389797322
3385051721
3379592517
3384539711
3379886910
3382072509
3372843704
3372350900
3366413299
3362053295
3357590893
3354624492
3349072488
3349766885
3343525283
3340944479
3334605278
3333613275
3334400472
3324888468
3328755668
3326174864
3323398862
3320720459
3317856456
3313394054
3310618052
3312998849
3305261246
3307354045
3302896442
3300218039
3297539636
3294475636
3291704433
3289221228
3286445226
3287232423
3282579622
3283176420
3280595616
3279603613
3274950812
3272272409
3274653206
3271882003
3270890000
3266329999
3259497994
3254937993
3252069191
3249488387
3246614786
3246189181
3248838780
3251683577
3259773174
3259862771
3264110769
3256275567
3253597164
3257659562
3255176357
3260827556
3258246752
3257254749
3263101146
3253389145
3254675541
3253678739
3252486739
3255233937
3255821137
3265118737
3264307535
3264987535
3264547533
3267294731
3264606730
3259123531
3258312329
3258806729
3259862728
3255400326
3247581127
3241246725
3236593924
3228568323
3227473922
3221134721
3216481920
3210045120
3203515520
3197273918
3187469117
3186091517
3179849915
3175006715
3168672313
3164019512
3157680311
3151150711
3149870710
3140256308
3140755507
3130950706
3127984305
3126606705
3122051503
3117301103
3116211501
3109872300
3108587500
3107497898
3102845097
3099688297
3097005095
3095534695
3095941094
3092974693
3091885091
3092286691
3087731489
3089912289
3085264287
3087352287
3084576285
3083291485
3078736283
3086069083
3076264282
3080229081
3072301079
3074389079
3073299477
3075294677
3069053075
3062621074
3056281873
3056590673
3050344272
3049161870
3042729869
3032925068
3033331467
3028585866
3032365065
3022560264
3016221063
3013161862
3006822661
3003763460
3000699460
2992581059
2991301058
2981496257
2973475455
2970318655
2969131454
2959424252
2956267452
2946653050
2940123450
2937254648
2934097848
2924293047
2916365045
2918360245
2910432243
2900627442
2895974641
2892910641
2884982639
2883605039
2873800238
2871024236
2869646636
2863312234
2853507433
2850448232
2849075431
2851070631
2841265830
2833147429
2833553828
2832273827
2829497825
2828217824
2818413023
2808608222
2812197022
2812603421
2804582619
2801518619
2798649817
2793997016
2787467416
2787873815
2785005013
2785411412
2775699411
2775915411
2774635410
2768296209
2763550608
2757118607
2754152206
2747817804
2744851403
2741885002
2732080201
2735859400
2736265799
2726460998
2726769798
2718748996
2715782595
2714409794
2711345794
2706785793
2698857791
2695793791
2692832189
2700169788
2702257788
2703040186
2698294585
2700480184
2711097783
2718249782
2730460981
2734240180
2750102579
2757342579
2766464177
2773708976
2794532976
2812179374
2816144173
2828819372
2841401771
2850518570
2870124969
2880928168
2893696167
2901121767
2918948966
2923011364
2928848163
2943209762
2959628961
2961907360
2969430559
2983694559
2994780957
3010736156
3035401755
3047984154
3065718553
3067996952
3085452951
3099257750
3109782549
3123860949
3137856147
3155126546
