72375997
204716791
357196786
575641579
773849572
950134365
1138126359
1310843154
1493971146
1678687939
1852993535
2037807927
2209033520
2395436713
2581644708
3566172827
4138339116
4540705679
4520803280
4547104370
4686623022
4448226222
4335968622
4325874189
4336501386
4341971784
4357874181
4740005370
4770890169
5094240546
5279517328
5337872522
5706026103
5752262898
6084034104
6093371708
6351901394
6329173436
6191178347
6179107953
6218639215
6011364105
5399671351
4884100218
4877257015
4894553015
4808074633
4850583413
4854465010
4858541805
4906032996
5005120998
5084293951
4983543559
4937805959
4929589959
4894932362
4793801158
4676770743
4576512350
4699117196
4745021188
4758040382
4765294779
4781001968
4781901161
4797782756
4815257944
5418552565
5448983078
5091372224
5088410622
5041834611
4263836313
4222777115
4210108311
4193327515
4204025324
5740430213
6931276850
4778633892
4621793869
4701851502
5079645117
5095331514
5110725114
5317216302
5385104302
5866632529
5803784535
