31902397
78236791
141337586
216438379
303343972
371699165
436681558
516646353
581531147
660102339
726575934
803363127
866659120
929955113
996428708
1073215901
1132943896
1211612687
1274713482
1353187075
1416287870
1496447863
1568175856
1626412649
1692983843
1759652636
1826321429
1882676624
1935854217
1988836612
2038739004
2103721397
2153526190
2199762985
2249567778
2311177371
2357414166
2405455762
2451322963
2546527764
2674324566
2714170964
2820846156
2919889674
2969411268
2993432066
3142163248
3240344038
3252560036
3278072036
3331388832
3575217649
3572256047
3641195255
3829638468
3696497727
3362260955
3134680162
3029031839
2877427657
2799776509
2808250113
2877016545
2869726945
2868082164
2872374974
2889917383
2954190306
2951435106
2916936628
2996840647
3014450246
3038893446
3061907850
3072535047
3076319045
3078602239
3074562235
3052855031
3036413429
3064235830
3071399029
3324778228
3473987798
3550126987
3588147782
3602440576
3649829369
3685861359
3700170156
3808646956
3828256554
3885750954
4038626163
4061757352
4095094952
4152424548
4200389343
4318541366
4350024571
4476827789
4740288677
4722824682
4589768710
3895072843
3881028051
3901300116
3774951341
3765773738
3747316134
3765447327
3806236128
3863980123
3867029714
3860695312
3851204110
3845280906
3846416901
3848709697
3841824890
3824621686
3780301674
3765556074
3739530474
3715900068
3709370468
3677293667
3667900064
3663468062
3624213665
3617976862
3571956063
3564455262
3559709661
3553781658
3541010456
3522912858
3506578457
3419556057
3418085657
3420364052
3370487243
3359936839
3314765643
3311608843
3296412043
3269517640
3258437637
3262632833
3257887232
3255116029
3248976825
3247506425
3242858423
3238637622
3242704819
3244704818
3238776815
3229090415
3212556017
3209784814
3224072809
3229636007
3228453605
3230855204
3229677601
3235435997
3228459996
3216239195
3220043995
3230763992
3225571990
3234219990
3236451988
3233392787
3226960786
3225243982
3221192778
3218035978
3219013574
3214762373
3193991171
3180347973
3175699971
3175213572
3176005568
3182355963
3173627963
3177935158
3190826357
3186384757
3216906357
3285935153
3481826337
3506720357
3518550758
3539349161
3556227563
3561149172
3566893171
3569525179
3572248380
3567400381
3581033986
3580511961
3603496397
3615774799
3616022801
3628584402
3655430801
3685093200
3748957193
3773297995
3881608388
3933558791
3965006788
4029213180
4031501177
4039245175
4024840371
4045837170
4046248368
4048933166
4039344365
4016326760
4014054756
4035787686
4041506087
4043640487
4028003695
4023247901
4015133306
4008875721
4145915748
4169550948
4201438949
4252912551
4308984551
4313685351
4306203755
4873187894
5018010324
4888304758
4888613558
4874555965
4493800849
4465829889
4457652313
4383548370
4344933975
4249620394
4245557996
4204087600
4094040271
4055078029
4013790048
3977119663
4106721329
4118454121
4142022113
4150865311
4149780508
4153759704
4154886101
4154012499
4230246149
4230559748
4269826937
4279081333
4305833332
4307391729
4327962930
4389609324
4407316522
4500775731
4764068528
4797343722
4931486135
4952366136
4967596540
4947812542
4912244544
4900774145
4899854146
4990943748
4995468546
5076644548
5217580557
5239108558
5283804557
5466514959
5536174163
5634308571
5646735770
5647146968
5674918173
5696951778
5676985382
5315179035
5263919841
5247694243
5236419042
5029395067
5034822276
5045334297
4954489571
4920817573
4812812760
4547329549
3833948743
3789060736
3779399927
3778027126
3821204721
3839179115
3848526311
3852407908
3869230300
3927627088
3931796683
3941025478
3950367875
3950167868
3952676664
3960111862
3976967850
3981251047
3983539044
3985919841
3988495836
3987313434
3983169430
3987143827
3992614225
3991436622
4000851017
4006419014
4007020611
4014470206
4023411003
4017585398
4018430192
3997937390
4016318183
4021362982
4049849380
4074313372
4086719769
4092726161
4075564561
4063097360
4048567760
4043724560
4035961362
4032999760
4046185362
4046710162
4047023761
4064201360
4062828559
4071692559
4089106960
4092793359
4099950157
4103631757
4117905355
4113062155
4123962953
4124390154
4130041353
4126982152
4123825352
4122740549
4119583749
4121486149
4120324549
4119569348
4120068547
4121873348
4127745346
4133108547
4149279746
4155327746
4212682951
4274497355
4333103763
4335582188
4319242988
4321588592
4321902191
4328567797
4275707007
4258217411
4255060611
4238531012
4224110215
4210953416
4202953416
4155092623
4150249423
4135499024
4124214225
4116420627
4113382228
4095382229
4080750231
4081063830
4076220630
4073161429
4070004629
4068534229
4057156630
4054540633
4036535835
3995708640
3986022240
3971606242
3992511844
4010539046
4104580656
4100612660
4109590262
4171371064
4185078264
4203932665
4266115067
