21783997
40940793
65254388
103059183
125686378
148313573
160529571
181567965
207567960
229999957
242508752
276940747
296195142
325567937
342940734
370627129
393254324
415881519
441686316
449135911
488529507
495881503
521881498
561567891
583902289
594724684
613881480
634822275
658940672
685135865
705881462
733470258
757783853
776940649
784390244
820411040
827860635
858919830
883038227
885526221
908055817
940899011
946467008
967310204
986369401
1004034995
1023289390
1044230185
1061700581
1077386978
1096738972
1110934167
1118090965
1137442959
1151540555
1170697351
1191833344
1205833341
1221714936
1244244532
1258244529
1272537323
1296850918
1299046115
1318300510
1337457306
1363554900
1372690895
1400377290
1407631687
1440279683
1447826877
1465199674
1484356470
1507081264
1526335659
1535178857
1569708451
1585590046
1604649243
1613785238
1632942034
1647039630
1669666825
1685548420
1706489215
1739234810
1746684405
1765646003
1776565997
1790565994
1794642789
1808837984
1822837981
1837033176
1852914771
1867109966
1881109963
1893521159
1904245955
1904949950
1925890745
1938301941
1949221935
1963319531
1974044327
1984866722
1993905118
2001257114
2013765909
2031333904
2037097099
2054372297
2068665091
2077801086
2090309881
2102623478
2113348274
2120895468
2143522663
2147306661
2170031455
2179069851
2188303445
2198930642
2209753037
2222066634
2234575429
2252143424
2262965819
2280436215
2287788211
2305258607
2310924203
2321648999
2322255395
2339823390
2352332185
2357900182
2368722577
2379349774
2395133770
2402485766
2408248961
2418876158
2426325753
2447266548
2447775345
2460284140
2472792935
2480047332
2488988129
2494653725
2505280922
2514514516
2525044114
2529218508
2538354503
2548981700
2554744895
2560312892
2566076087
2580076084
2579093679
2589720876
2603916071
2604620066
2603442463
2610892058
2624794456
2625400852
2634536847
2635045644
2650927239
2656495236
2673965632
2691631226
2705631223
2708021618
2715276015
2729178413
2736725607
2752412004
2761547999
2784077595
2796488791
2807311186
2817840784
2835506378
2839290376
2853583170
2872837565
2883464762
2892307960
2906600754
2918914351
2929736746
2942050343
2954559138
2963402336
2979381530
2986635927
3012831120
3023360718
3032399114
3049967109
3053848706
3073103101
3083730298
3099611893
3120259891
3132866285
3143493482
3155904678
3163256674
3172197471
3183019866
3195333463
3209528658
3222037453
3230978250
3250232645
3265919042
3274952639
3294299834
3313451831
3317528626
3338367023
3354243819
3363477413
3369138210
3381447008
3400701403
3404870998
3402104594
3412726992
3423739786
3441307781
3447061378
3452824573
3463544570
3467421368
3478341362
3485595759
3496125357
3503672551
3505960548
3518464544
3529286939
3538227736
3545774930
3551435727
3555414923
3573080517
3576962114
3584216511
3594941307
3598915704
3601208500
3600030897
3602226094
3609573291
3615141288
3619429284
3648267677
3652144475
3652750871
3658314069
3663979665
3662894862
3684355658
3685054854
3687250051
3689445248
3695106045
3708360439
3708771637
3711064433
3713352430
3714581225
3720555621
3724339619
3723470816
3723979613
3726267610
3722030806
3727912402
3731696400
3727336396
3725865996
3724785992
3726544386
3728837182
3732811579
3728574775
3727294774
3726333171
3715345968
3722795563
3719736362
3708965159
3711355554
3705139553
3702177951
3697529949
3696352346
3693390744
3697272341
3699272340
3691446736
3691662736
3680387535
3679112333
3676248330
3680129927
3677265924
3669147523
3666283520
3665008318
3667105916
3662653112
3656221111
3653357108
3652174706
3650899504
3641094703
3640112298
3637053097
3634091495
3627854692
3621422691
3618558688
3605597087
3606008285
3603457881
3597534677
3593288275
3588537875
3590928270
3581123469
3579936268
3565483465
3566177862
3560152260
3546512255
3540368252
3531062650
3526512247
3523741044
3517689841
3506605039
3501238635
3496688232
3490637029
3486086626
3473691423
3469131422
3455544219
3441081818
3438208217
3432059415
3428281812
3425603409
3421145806
3413120205
3410251403
3405793800
3403110598
3400329797
3388027394
3377972990
3371819389
3367454586
3363080185
3355240184
3343123381
3335190580
3329139377
3321113776
3298088173
3292032171
3286166568
3276454567
3266028963
3251654563
3237568161
3231702558
3217708956
3210064153
3200728151
3192609750
3178801748
3169284945
3161440145
3153502545
3147636942
3138208140
3129992140
3122440137
3114795334
3108734533
3101089730
3091758527
3085985724
3077955324
3068619322
3062744121
3047152120
3037347319
3029697717
3022331314
3014681712
3006563311
2998635309
2982955307
2973438504
2965691303
2957851302
2948236900
2942464097
2924628896
2918670493
2912233693
2902712091
2896656089
2890414487
2880888086
2876518484
2870560081
2866195278
2862011276
2847920075
2839468869
2836971267
2830920064
2824771262
2820494460
2815646461
2811472057
2810475255
2806393651
2806897649
2802532846
2803227243
2800358441
2795705640
2794620837
2790260833
2789180829
2786595226
2781849625
2781043222
2778550419
2774376015
2775070412
2770520009
2767841606
2768624004
2766043200
2763164800
2762363196
2766996791
2764313589
2766787186
2762519982
2761527979
2762495977
2756449573
2755735970
2756425568
2757681564
2758371162
2752603158
2755071956
2752486353
2755238350
2757990347
2754593542
2755668737
2765449533
2764735930
2765425528
2767865522
2769523118
2771087914
2770286310
2771068708
2774286301
2780411098
2776540695
2781369488
2780372686
2780964685
2778379082
2776668677
2782510275
2780017472
2783268668
2780780664
2785121462
2786391855
2786983854
2782521452
2780028649
2781094246
2785444642
2784447840
2788788638
2786295835
2787078233
2787860631
2790719825
2785246224
2787524623
2792065418
2789577414
2788868610
2794710208
2791318202
2796543796
2802473395
2798103793
2800665391
2800142187
2795641383
2795410976
2794785374
2795850971
2796442970
2795817368
2793417365
2792513363
2789830161
2791081358
2790372554
2786002952
2789430150
2792372546
2791746944
2788970942
2784503741
2782103738
2778202935
2773828534
2767865332
2765938927
2761745327
2757566124
2751695722
2747702119
2743615716
2733932512
2730124509
2729874906
2721492505
2717210904
2713119702
2710807700
2706916495
2711540492
2714292489
2713574087
2712582084
2711775681
2712558079
2710750075
2709938873
2710911670
2710012467
2707612464
2710466859
2709660456
2710354853
2709548450
2705276447
2707750044
2708537241
2709417238
2708518035
2714550032
2713650829
2721374025
2722063623
2722943620
2727196417
2729670014
2735809208
2738278006
2739158003
2739852400
2742418797
2743205994
2742306791
2741119590
2743788385
2746261982
2748828379
2752988376
2751996373
2749317970
2753477967
2748927564
2749714761
2752095558
2753077953
2753865150
2756338747
2755253944
2757829939
2758617136
2757625133
2758319530
2757234727
2757929124
2758911519
2754258718
2753266715
2752181912
2752876309
2750197906
2749303502
2755437897
2749196295
2749988291
2750775488
2751372286
2755625083
2751167480
2750365876
2752937072
2751945069
2750953066
2756799463
2757493860
2753129057
2753823454
2751145051
2750153048
2749263443
2746585040
2744004236
2748169032
2745490629
2744405826
2741634623
2742617018
2745090615
2740633012
2739836207
2738844204
2737759401
2737060195
2735970593
2741816990
2737744984
2738434582
2740908179
2741509776
2740517773
2746461769
2745567365
2749727362
2750714556
2749722553
2755471351
2752700148
2755373742
2754191340
2756664937
2755682532
2754788128
2752012126
2752613723
2749842520
2747071317
2744300114
2743020113
2740248910
2737770504
2733312901
2732320898
2729544896
2723112895
2724002490
2721036089
2718357686
2713807283
2713010478
2711925675
2710933672
2702912870
2700044068
2700748063
2696197660
2696706457
2695724052
2696232849
2691682446
2687132043
2685954440
2683090437
2680514432
2677836029
2676751226
2674165623
2671394420
2668716017
2667919212
2663554409
2660876006
2659884003
2658984800
2656306397
2651941594
2656296789
2653711186
2656184783
2651819980
2654488775
2656962372
2652597569
2655266364
2652587961
2658815156
2659416753
2660203950
2661186345
2663845542
2669691939
2668895134
2671275931
2670376728
2674731923
2673739920
2674434317
2675416712
2676111109
2678779904
2679567101
2681947898
2682930293
2687090290
2686293485
2688674282
2685995879
2688664674
2691138271
2695400666
2692531864
2695010260
2699365455
2698373452
2700754249
2701643844
2704024641
2704811838
2707099835
2708082230
2712242227
2711250224
2718880620
2717986216
2716901413
2719375010
2723637405
2724424602
2723242200
2723936597
2728482191
2727490188
2728277385
2729259780
2733326977
2732427774
2735003769
2734104566
2734798963
2749458158
2748466155
2750939752
2757074147
2759454944
2760149341
2769656536
2774002133
2776382930
2782419726
2779931722
2785870919
2788530116
2792787712
2788520508
2796238905
2797026102
2803160497
2804040494
2804544492
2810869286
2809877283
2810664480
2814634078
2810366874
2812747671
2813534868
2819283666
2816898060
2819186057
2825125254
2825819651
2828293248
2832360445
2831461242
2840582840
2843256434
2843760432
2849797228
2854059623
2852872422
2853474019
2852482016
2853083613
2851994011
2854472407
2853094807
2850514003
2847742800
2846657997
2848843596
2849347594
2850041991
2852422788
2854993984
2857189181
2859579576
2861774773
2863969970
2859224369
2868360364
2868869161
2869377958
2878318755
2878827552
2881022749
2890149146
2890843543
2898283540
2905913936
2911857932
2917518729
2924861127
2925653123
2927941120
2930321917
2934198715
2938363511
2944024308
2948091505
2948785902
2964853097
2965454694
2969521891
2971809888
2975877085
2979944282
2982232279
2987893076
2991960273
3001086670
3003374667
3009035464
3009729861
3012017858
3014305855
3021555453
3025627449
3029694646
3038728243
3041016240
3053520236
3059278632
3071777829
3077633824
3078040223
3090544219
3094616215
3102056212
3111089809
3118632204
3124293001
3128267398
3132334595
3139681792
3143656189
3145944186
3155172981
3160833778
3163121775
3170468972
3176417767
3183574565
3187739361
3188248158
3200747355
3202942552
3208891347
3216145744
3221899341
3231128136
3240064134
3242449730
3256542527
3255457724
3266372919
3263508916
3274228913
3278203310
3283864107
3291113705
3302126499
3302532898
3311761693
3327443291
3333201687
3347489682
3353150479
3365556876
3373006471
3383628869
3391073665
3400107262
3409140859
3425110455
3435928051
3439804849
3450817643
3461537640
3465512037
3474545634
3483774429
3501235227
3507188821
3516129618
3521790415
3532603212
3534798409
3554238404
3551179203
3565559998
3571127995
3580156793
3582449589
3588198387
3592070386
3596235182
3595150379
3602683176
3606750373
3609131170
3611223969
3617265564
3617764763
3621739160
3625899157
3633339154
3640779151
3646337550
3647031947
3652785544
3663598341
3665979138
3664791937
3679167933
3681260732
3682052728
3687615926
3695153522
3704089520
3708156717
3718969514
3721447910
3732260707
3736235104
3743675101
3745860700
3765295896
3758961494
3764715091
3762036688
3771163085
3771671882
3775543881
3779611078
3778526275
3785775873
3786275072
3790156669
3794321465
3796609462
3798897459
3804651056
3818646254
3821031850
3833623847
3840971044
3853372642
3857537438
3864787036
3875599833
3876201430
3880366226
3896140624
3900207821
3905966217
3911529415
3913817412
3917889408
3928511806
3930799803
3934871799
3943998196
3949658993
3955226990
3959201387
3968327784
3968831782
3971310178
3978745376
3979151775
3981625372
3987476568
3991543765
3993826963
3997986960
4002054157
3999087756
3996316553
4002070150
4004450947
4008606145
4005644543
4009711740
4013778937
4016350133
4011506933
4014078129
4017852529
4018644525
4024300523
4023215720
4023714919
4026286115
4025201312
4025510112
4024615708
4031958106
4036215702
4033151702
4027105298
4034447696
4033362893
4033959691
4024442888
4028319686
4028818885
4032983681
4033678078
4032495676
4026346874
4023380473
4020609270
4018162870
4018764467
4014415667
4013135666
4010482864
3999490862
4000092459
4000591658
4002679658
3999615658
3992490856
3996265256
3993206055
3986866854
3983900453
3984302053
3978055652
3976775651
3974118050
3969562848
3968185248
3958478046
3962350045
3958407644
3956135640
3940105240
3940414040
3944090841
3936662038
3932127638
3928970838
3924410837
3915202834
3910566036
3904633234
3901662034
3891287632
3890393228
3885740427
3870090825
3872297226
3868350026
3868658826
3865687626
3867775626
3865004423
3856978822
3856198020
3855026822
3852060421
3854745219
3848617219
3844062017
3843394817
3840521216
3834892415
3835396413
3826188410
3826594809
3822034808
3824225206
3821356404
3821969205
3817316404
3814735600
3818721201
3812881199
3816562799
3815185199
3810836399
3806378796
3798353195
3802132394
3799263592
3800071591
3787810792
3785137188
3789009187
3779301985
3778228386
3770706783
3771401180
3765365980
3764276378
3761597975
3752401176
3748247574
3752407571
3746068370
3746773971
3744095568
3746378766
3744199562
3741330760
3731716358
3733901957
3734786753
3731820352
3728853951
3726077949
3719641149
3723605948
3717364346
3714490745
3710141945
3707268344
3704497141
3701335542
3689253938
3686477936
3688756335
3679260334
3673513132
3681138729
3673226730
3670548327
3667484327
3659249121
3658447517
3654073116
3642157916
3636474710
3621289108
3620189908
3615913106
3609823501
3608729100
3594545099
3594228297
3583788296
3564429896
3560436293
3529489093
3523917893
3510033094
3504090694
3487031495
3472748298
3459279496
3443329095
3432234695
3423913094
3408060292
3409269891
3403239490
3410105087
3410604286
3409509885
3404949884
3405639482
3420505079
3417543477
3420017074
3418957872
3415991471
3411533868
3407482664
3396593060
3393724258
3392351457
3389482655
3381956253
3372378646
3368034645
3365073043
3356076241
3356668240
3353799438
3347650636
3346375434
3339749831
3338469830
3337596228
3338785025
3334554626
3329234625
3328437820
3329466618
3329970616
3322253815
3322850613
3320194608
3319625007
3320314605
3322505003
3321703399
3329040998
3322511398
3321823396
3324509790
3330376989
3319858585
3323823384
3313701781
3301188176
3295728972
3289693772
3286992970
3289656966
3290439364
3292117762
3288340159
3298429755
3297432953
3309973747
3308981744
3318260138
3317263336
3318637733
3323580128
3324464924
3321781722
3325751320
3323165717
3324544913
3315522510
3311060108
3309872907
3310655305
3307684105
3305103301
3294496896
3288157695
3285479292
3278828088
3279415288
3276541687
3259181680
3258581679
3255303275
3248842470
3249722467
3246844067
3246629663
3247319261
3246386455
3240144853
3240639253
3236460050
3235957648
3233557645
3231064842
3226695240
3224012038
3218244034
3215844031
3213160829
3210858425
3208556021
3202504818
3200114413
3196527209
3192445605
3189053599
3188154396
3182968793
3185735187
3181555984
3178256778
3179331973
3176555971
3172381567
3171487163
3170680760
3170069555
3166106352
3161643950
3160939945
3159850343
3153994338
3146755934
3138730333
3137738330
3133466327
3131075922
3125431118
3118383113
3115807108
3107786306
3106696704
3102522300
3098157497
3097165494
3094775089
3093783086
3091007084
3081587880
3078816677
3077917474
3075141472
3074149469
3066509465
3063547863
3057501459
3053039057
3050360654
3046000650
3041543047
3038767045
3034499841
3029842241
3027071038
3026176634
3018341432
3017349429
3009328627
3004768626
3001802225
2992095023
2981000623
2973170220
2970203819
2960399018
2954543013
2941864611
2938898210
2931063008
2926703004
2922240602
2917587801
2906976597
2897861394
2891429393
2885378190
2872699788
2869733387
2858931784
2851194181
2848134980
2832083778
2827338177
2819693374
2806731773
2795930170
2789878967
2785323765
2779077364
2774712561
2766691759
2763627759
2754115755
2746280553
2741437353
2735483749
2730738148
2722810146
2713200543
2710424541
2702501338
2692886936
2690013335
2682187731
2676136528
2669797327
2661966924
2655632522
2651267719
2641653317
2638877315
2631046912
2628466108
2620538106
2617864502
2611808500
2605469299
2601104496
2595053293
2592184491
2586230887
2581675685
2577408481
2572950878
2565213275
2560848472
2556390869
2551933266
2545696463
2541234061
2533213259
2535882054
2529547652
2523398850
2522406847
2521424442
2513398841
2510534838
2505984435
2501526832
2498848429
2490925226
2488246823
2490813220
2488134817
2485363614
2480998811
2483662807
2479205204
2476336402
2474958802
2472573196
2469992392
2465529990
2464157189
2458291586
2457397182
2456117181
2453536377
2452637174
2451737971
2447373168
2446190766
2446885163
2438957161
2439461159
2442037154
2432325153
2431240350
2426880346
2424109143
2423117140
2420438737
2419539534
2418361931
2419149128
2416377925
2412013122
2411016320
2410121916
2403977913
2401299510
2400214707
2400909104
2400390699
2397619496
2394755493
2393763490
2392864287
2388313884
2382355481
2379584278
2376813075
2375918671
2374736269
2373651466
2367605062
2369981060
2367117057
2357507454
2360073851
2355709048
2357997045
2355411442
2356008240
2355109037
2349155433
2346481829
2341731429
2339053026
2341814621
2340729818
2334776214
2328339414
2327249812
2326165009
2325173006
2315944201
2316731398
2313955396
2309590593
2308212993
2305724989
2299488186
2296809783
2293750582
2292944179
2288486576
2282342573
2288281770
2282230567
2279171366
2279768164
2275500960
2269356957
2268457754
2267084953
2264406550
2266875348
2265883345
2259734543
2260428940
2264491338
2254881735
2255766531
2258332928
2253587327
2252595324
2253382521
2247048119
2246339315
2243558514
2242468912
2245035309
2240670506
2237992103
2235596899
2236193697
2228358495
2223993692
2226369690
2222102486
2217542485
2214766483
2212371279
2209692876
2205137674
2207796871
2203622467
2202630464
2201350463
2200646458
2203120055
2207182453
2204694449
2207075246
2211137644
2210238441
2207564837
2206758434
2205668832
2208240028
2210713625
2209716823
2208915219
2211296016
2210396813
2212963210
2215339208
2209385604
2211668802
2214142399
2218497594
2222657591
2227295985
2226489582
2227183979
2231436776
2238871974
2236383970
2238959965
2241433562
2247182360
2248159956
2253908754
2256479950
2255775945
2256275144
2262409539
2270035136
2272318334
2278452729
2277460726
2280403122
2276223919
2284220716
2280319913
2277631912
2283947108
2283516704
2286268701
2283492699
2288868694
2286937490
2293897487
2293086285
2294899081
2290627078
2296188673
2303793471
2310463867
2312271864
2308278261
2309715058
2307500655
2309123052
2306815849
2309851045
2309791841
2311228638
2310510236
2316076630
2315641427
2321854225
2324791822
2327827018
2332646213
2337455810
2345262208
2350271802
2356577400
2359329397
2358991793
2368577391
2369740587
2383270182
2384242979
2385308576
2396682972
2397655769
2402001366
2402881363
2409382159
2413630157
2418454151
2424671748
2428919746
2433641342
2438274937
2438862137
2439742134
2444282929
2445348526
2446135723
2443833319
2444522917
2450647714
2448154911
2445852507
2446639704
2446028499
2448497297
2454998093
2452505290
2456660488
2464759683
2462174080
2465018877
2459250873
2462188470
2461572466
2459362862
2460799659
2463839654
2463028452
2460916447
2455334043
2454337241
2453716438
2448422032
2451076430
2447180426
2448626821
2447815619
2445601216
2441422013
2439398009
2438586807
2436186804
2436137198
2430178795
2429650792
2427157989
2426722786
2424322783
2420236380
2419527576
2417410772
2416789969
2412610766
2413871561
2416525959
2413940356
2411354753
2410460349
2408069944
2405196343
2409551538
2411927536
2404194732
2406668329
2407362726
2404777123
2405281121
2406258717
2401610715
2406058710
2405349906
2407633104
2405052300
2405941895
2403063495
2398889091
2398185086
2395599483
2394509881
2393893877
2389529074
2392285870
2386332266
2385433063
2380970661
2376698658
2372524254
2374993052
2369034649
2368135446
2367426642
2366908237
2362636234
2361639432
2355397830
2351125827
2346658626
2349225023
2350012220
2350989816
2351684213
2354157810
2353258607
2350580204
2356812198
2362375396
2357922592
2360117789
2363999386
2364410584
2368584978
2365525777
2367818573
2370013770
2368933766
2372815363
2373226561
2375421758
2374048957
2372968953
2375066551
2377261748
2380028142
2385776940
2386471337
2390724134
2395172129
2397645726
2394874523
2392196120
2396263317
2393584914
2396351308
2400413706
2397735303
2398629697
2399416894
2403386492
2400805688
2403381683
2402292081
2406359278
2407053675
2408040869
2405362466
2409424864
2410026461
2407348058
2408232854
2415863250
2414778447
2417544841
2414773638
2415463236
2417941632
2417144827
2419525624
2421813621
2422508018
2426770413
2429063209
2426199206
2426805602
2430589600
2429411997
2433488792
2434290386
2436485583
2444130376
2444639173
2446931969
2447733563
2449928760
2450632755
2451239151
2452040745
2450863142
2454842338
2455448734
2451093529
2455263124
2455859922
2453088719
2452291914
2451495109
2448816706
2447824703
2445933497
2439789494
2440576691
2438283885
2434011882
2426303076
2420344673
2414200670
2409835867
2402005464
2397835859
2391691856
2387327053
2382962250
2378504647
2374139844
2371461441
2365317438
2360952635
2356680632
2355883827
2351519024
2345375021
2342882218
2343864613
2337813410
2333448607
2320242202
2321317397
2316952594
2316146191
2313941386
2309669383
2305304580
2306091777
2302107772
2296741368
2295934965
2295323760
2294610157
2291931754
2287464553
2285166948
2284360545
2283646942
2279282139
2276789336
2275890133
2275176530
2277650127
2277038922
2272386121
2273358918
2272366915
2273246912
2274229307
2273042106
2268770103
2273022900
2273810097
2269445294
2270232491
2267646888
2273586085
2274661280
2273474079
2277634076
2278709271
2281275668
2280283665
2282942862
2281950859
2282933254
2283720451
2289854846
2294200443
2291522040
2288843637
2295070832
2292485229
2294958826
2293966823
2293355618
2295829215
2299989212
2302658007
2306818004
2305918801
2305019598
2312840393
2315406790
2319761985
2325608382
2328277177
2332529974
2335096371
2343009966
2343704363
2351617958
2354379553
2355073950
2354174747
2360309142
2361003539
2361883536
2366238731
2367025928
2371185925
2372168320
2377829117
2381905912
2384296307
2386491504
2388686701
2391077096
2389899493
2390408290
2394289887
2396680282
2397189079
2402952274
2400088271
2409224266
2411419463
2410241860
2412437057
2414827452
2415336249
2416040244
2421608241
2420430638
2426193833
2428584228
2429093025
2429601822
2426542621
2428737818
2427560215
2428069012
2426891409
2430773006
2433163401
2431790600
2435672197
2434689792
2438571389
2435512188
2439588983
2441784180
2442292977
2441115374
2446878569
2447387366
2444523363
2451972958
2450600157
2454676952
2456872149
2460753746
2464830541
2467025738
2474280135
2474788932
2476984129
2482747324
2486628921
2493883318
2494587313
2501841710
2507604905
2508113702
2513681699
2514190496
2528190493
2530385690
2534462485
2538344082
2545598479
2547793676
2560107273
2558929670
2564692865
2575320062
2579201659
2578024056
2583592053
2585787250
2596609645
2598804842
2604372839
2603195236
2608763233
2612644830
2614840027
2620408024
2620916821
2624798418
2623620815
2624129612
2626520007
2628715204
2623969603
2624478400
2633614395
2634123192
2629377591
2633454386
2635649583
2632590382
2636667177
2637175974
2635998371
2637998370
2638507167
2635643164
2636151961
2633287958
2632110355
2635991952
2633127949
2631755148
2628891145
2629399942
2629908739
2628731136
2629239933
2627867132
2630062329
2630571126
2629393523
2631588720
2635470317
2632606314
2634801511
2635310308
2633937507
2636132704
2631582301
2630404698
2632599895
2631422292
2630049491
2630558288
2632753485
2633262282
2623457481
2622279878
2620907077
2618043074
2618551871
2615687868
2616001467
2616510264
2620391861
2614155058
2621409455
2618545452
2610427051
2610935848
2604503847
2605012644
2598580643
2599089440
2599598237
2603284636
2595361433
2595675032
2596183829
2589947026
2591947025
2590769422
2584337421
2584846218
2588727815
2589236612
2582804611
2579745410
2576881407
2584135804
2579585401
2585153398
2583780597
2584289394
2586484591
2581934188
2580561387
2581070184
2581578981
2582087778
2579028577
2577850974
2578359771
2580359770
2574122967
2578004564
2573258963
2575546960
2576148557
2568122956
2567038153
2563978952
2562894149
2560122946
2553783745
2551012542
2551423740
2553516539
2555804536
2546194933
2550266929
2545521328
2542750125
2543258922
2538606121
2537521318
2534462117
2534966115
2537254112
2534292510
2524775707
2523402906
2524004503
2522729301
2526801297
2527110097
2521063693
2521470092
2523758089
2524266886
2526457284
2523588482
2522410879
2523012476
2523516474
2525609273
2524622069
2525223666
2520478065
2527727663
2524961259
2521994858
2522406056
2524786853
2526982050
2529270047
2528282843
2528689242
2524138839
2524740436
2521583636
2515537232
2514066832
2514766028
2506647627
2508935624
2502698821
2497855621
2493495617
2490431617
2485686016
2486385212
2480148409
2478868408
2470945205
2471351604
2471762802
2465716398
2456122798
2456631595
2455546792
2450801191
2448029988
2432225186
2429165985
2431361182
2430183579
2422065178
2424260375
2424671573
2423396371
2420532368
2414100367
2412922764
2408177163
2405313160
2395821958
2396135557
2393173955
2388525953
2382289150
2380916349
2379738746
2373306745
2372129142
2367285942
2364519538
2359676338
2356812335
2352066734
2349202731
2346241129
2341593127
2338826723
2334081122
2329530719
2328157918
2325098717
2320548314
2319175513
2319586711
2316722708
2313761106
2315858704
2314778700
2311719499
2312228296
2312737093
2309873090
2311873089
2309009086
2307831483
2306458682
2312221877
2302417076
2304514674
2303239472
2303650670
2300786667
2299511465
2296647462
2298842659
2301037856
2294605855
2296801052
2295525850
2297818646
2300013843
2301916243
2302522639
2299658636
2305129034
2298794632
2302676229
2304871426
2312125823
2308969023
2309575419
2309986617
2310495414
2314474610
2306356209
2308551406
2314119403
2309466602
2311564200
2312263396
2314551393
2318618590
2315559389
2311101786
2308423383
2305642582
2301277779
2296912976
2294420173
2295207370
2292333769
2287876166
2287069763
2287666561
2284792960
2275466556
2276063354
2273282553
2270794549
2266522546
2268805744
2260877742
2261567340
2253834536
2254528933
2250061732
2243532132
2246005729
2236772125
2239338522
2234880919
2232007318
2229328915
2224964112
2222090511
2221191308
2218512905
2210775302
2206122501
2203346499
2202637695
2201260095
2191933691
2194407288
2191631286
2192511283
2191616879
2187056878
2186157675
2194071270
2186045669
2186832866
2189399263
2188500060
2191159257
2197284054
2199943251
2199044048
2198237645
2204362442
2201869639
2202749636
2199592836
2204416830
2204818430
2204109626
2199744823
2203904820
2206471217
2200224816
2194080813
2193088810
2195464808
2192884004
2190205601
2187234401
2184653597
2181882394
2182669591
2178119188
2175440785
2170880784
2168109581
2168803978
2165939975
2166351173
2163291972
2160525568
2157661565
2154699963
2153619959
2154031157
2149578353
2143146352
2145243950
2140693547
2132867943
2131690340
2126944739
2119114336
2114554335
2111875932
2107511129
2103146326
2098781523
2092535122
2086391119
2081933516
2081127113
2075075910
2070423109
2066151106
2061786303
2060887100
2058208697
2051962296
2049376693
2048477490
2044112687
2043213484
2042314281
2037949478
2037050275
2032685472
2028320669
2025642266
2022963863
2022064660
2017411859
2011360656
2008775053
2007783050
2003325447
2002519044
1996467841
1993789438
1987738235
1981399034
1977034231
1976144626
1971399025
1965162222
1963984619
1959434216
1956570213
1951824612
1950647009
1946096606
1941546203
1943643801
1939190997
1934445396
1931483794
1927030990
1924166987
1922989384
1914870983
1915379780
1910829377
1907965374
1908376572
1907296568
1900864567
1899686964
1893450161
1890586158
1891094955
1884662954
1878426151
1873875748
1870816547
1866266144
1863304542
1853499741
1850733337
1844301336
1841339734
1836789331
1832238928
1827493327
1819667723
1814922122
1810371719
1802253318
1801075715
1798114113
1790288509
1785542908
1779306105
1776442102
1773944360
1772859557
1769893156
1776260501
1776374103
1774996503
1774078744
1772138905
1770320347
1770917135
1769594906
1771390109
1771601310
1776215655
1771372455
1767678719
1767391713
1765911715
1764441315
1760159660
1758591661
1757023662
1756897898
1757455662
1751160294
1750751666
1753142061
1751566683
1750055726
1747608279
1753938929
1746113325
1746328268
1741582667
1746758075
1742260531
1740151678
1738583679
1737113279
1736530938
1735663681
1735545340
1733320240
1729412541
1731078085
1724841282
1729530888
1723391684
1726394890
1721704219
1720526616
1720297290
1714798610
1713621007
1715495694
1713287753
1713948497
1713988555
1717753297
1714782157
1714422101
1716226902
1711578900
1717586962
1713209305
1714914964
1718822053
1716135653
1716822053
1721844971
1720090968
1717705766
1719720152
1717722971
1721594970
1727822051
1726822051
1725644448
1727962974
1728169376
1723716572
1727188577
1725420581
1729390179
1723153376
1721975773
1723102506
1720331303
1724017248
1726114846
1720135650
1720822050
1718625390
1722297392
1722801390
1721526188
1721452881
1718491279
1718855796
1712822050
1715232061
1713041683
1713097251
1712460858
1711405505
1711777655
1709097251
1706423803
1703262204
1706739008
1706724840
1707537409
1707748610
1703198207
1707783010
1703323013
1701348808
1707206216
1702723810
1706712009
1704194849
1705303989
1702625586
1702294220
1702235180
1703135648
1707097249
1704621504
1708673566
1714134228
1712947027
1711292446
1709211150
1710198232
1708194847
1706664606
1703017245
1703606046
1699135647
1703028735
1703253407
1701097248
1700340724
1694135647
1693135647
1689303905
1691135647
1685726299
1686708694
1685809491
1684910288
1683351897
1681323050
1681627051
1680151852
1676621504
1673714211
1677253408
1679135647
1679614257
1673963056
1681097248
1677419048
1679097248
1685606045
1678001439
1680763034
1684194846
1685254267
1689803808
1684014220
1683490208
1690159011
1688783646
1687783646
1690481473
1692374275
1687623875
1684555076
1683242989
1684135644
1680222279
1679425378
1677559879
1677668682
1676978844
1677236576
1677135644
1674174042
1672996439
1669291086
1671807008
1670629405
1668414153
1668439892
1667164690
1663705495
1663097246
1657135645
1661292444
1658087898
1658499096
1654046292
1651377487
1652449244
1648084499
1647771811
1648065293
1648476491
1652358088
1653159682
1656011107
1653147104
1656097245
1651644441
1653742039
1652564436
1657454315
1657665516
1663527661
1662503012
1659736608
1657009520
1659204717
1662988715
1660222311
1665790308
1668083104
1671964701
1670787098
1669707094
1666843091
1667351888
1669449486
1675212681
1677505477
1678014274
1673366272
1677345468
1679540665
1678265463
1680460660
1684342257
1679889453
1680398250
1686161445
1689945443
1692140640
1694335837
1694942233
1698823830
1700921428
1701430225
1705409421
1707604618
1704740615
1708622212
1705758209
1709639806
1705089403
1707187001
1704420597
1704734196
1708810991
1705849389
1711417386
1708358185
1712434980
1714727776
1716825374
1715647771
1716254167
1718449364
1720546962
1727801359
1730094155
1732191753
1736366147
1741836545
1735502143
1739286141
1739794938
1738617335
1739223731
1746673326
1748868523
1754436520
1763279718
1765767712
1767962909
1776903706
1782374104
1781196501
1795391696
1804430092
1798193289
1803761286
1815977284
1816583680
1822054078
1830994875
1836758070
1842423666
1851266864
1851873260
1867559657
1876402855
1878695651
1885852449
1891420446
1900361243
1909399639
1916654036
1927594832
1966433224
1973687621
1979348418
1995127615
2002670010
2009822009
2017271604
2024618801
2039025197
2047961195
2062058791
2071287586
2085380383
2092634780
2106727577
2115668374
2129663572
2130269968
2144362765
2165396360
2170964357
2186743554
2193997951
2209777148
2220692343
2243124340
2250373938
2262877934
2273505131
2296225126
2298415524
2300610721
2308055517
2310343514
2315911511
2325140306
2322081105
2338055500
2340245898
2349186695
2351572291
2357233088
2366173885
2371834682
2377495479
2381279477
2388724273
2390919470
2405207465
2414241062
2418122659
2427258654
2437788252
2436708248
2437217045
2449525843
2453597839
2461042635
2470173831
2482677827
2484965824
2487253821
2491325817
2490148214
2492436211
2498097008
2503757805
2504266602
2511711398
2515490597
2518071391
2520266588
2529300185
2531588182
2531999380
2534384976
2534796174
2535402570
2541063367
2548410564
2550800959
2556461756
2556970553
2554004152
2564821748
2565428144
2569402541
2573186539
2582220136
2586101733
2588487329
2593957727
2598224921
2603885718
2609356116
2616800912
2622368909
2619597706
2623479303
2625767300
2626276097
2628368896
2634224891
2632852090
2629988087
2635648884
2639623281
2640034479
2640733675
2642636075
2646610472
2648903268
2649504865
2650106462
2660728860
2656080858
2658368855
2655407253
2657407252
2656420048
2658708045
2662589642
2663191239
2668661637
2667381636
2671453632
2666903229
2669191226
2667818425
2673479222
2673988019
2672903216
2680250413
2677093613
2679386409
2681674406
2683962403
2685864803
2678131999
2680327196
2680543196
2672810392
2678378389
2678784788
2682759185
2679797583
2671776781
2668912778
2664167177
2664671175
2663298374
2658938370
2657663168
2654701566
2651832764
2652341561
2646007159
2644824757
2641863155
2633939952
2634253551
2634855148
2637143145
2627338344
2627749542
2624787940
2620237537
2620546337
2614407133
2616597531
2615224730
2608987927
2600967125
2598195922
2600195921
2595645518
2596154315
2589722314
2591917511
2583799110
2579151108
2572719107
2562914306
2555088702
2546970301
2538851900
2534008700
2524496696
2514691895
2508259894
2500336691
2490531890
2489159089
2479549486
2469744685
2464999084
2455389481
2445584680
2444211879
2434602276
2424797475
2421640675
2411835874
2402031073
2395891869
2387773468
2379655067
2369850266
2363613463
2357083863
2347279062
2337474261
2329648657
2319843856
2313411855
2310255055
2300450254
2290840651
2281035850
2276387848
2266778245
2256973444
2248855043
2244109442
2234499839
2228067838
2221831035
2212026234
2203907833
2199064633
2189455030
2183023029
2173218228
2163608625
2155587823
2145783022
2142821420
2136389419
2126584618
2116779817
2107267813
2099149412
2089344611
2083107808
2074989407
2068557406
2058752605
2052515802
2042711001
2034592600
2030042197
2023512597
2013805395
2004195792
1997763791
1989840588
1983408587
1975290186
1965680583
1962523783
1956384579
1949952578
1948677376
1940851772
1939381372
1934928568
1925123767
1925534965
1921082161
1917925361
1911786157
1908824555
1902490153
1896253350
1894782950
1890330146
1887368544
1885995743
1883229339
1873424538
1877306135
1869382932
1867912532
1861773328
1858616528
1855850124
1856358921
1855083719
1850630915
1847571714
1844707711
1845216508
1844038905
1837606904
1838018102
1836938098
1833878897
1834290095
1829837291
1828659688
1828973287
1824422884
1823245281
1823754078
1820694877
1824576474
1825085271
1832339668
1837907665
1850221262
1857475659
1859670856
1865238853
1876061248
1879747647
1886904445
1902883639
1906858036
1922832431
1928493228
1937526825
1941501222
1953907619
1962941216
1975635611
1983075608
1988829205
1999930000
1998557199
2006192394
2015128392
2022568389
2028419585
2030707582
2040029177
2059464373
2063443569
2072569966
2081696363
2087449960
2100329955
2111142752
2115117149
2127709146
2137030741
2139411538
2148445135
2157473933
2163227530
2162333126
2167896324
2167001920
2176323515
2182262712
2184829109
2187395506
2191843501
2192630698
2196883495
2201043492
2200237089
2202710686
2203590683
2207945878
2210512275
2207731474
2217424269
2216525066
2215533063
2218099460
2226105855
2226893052
2229459449
2232118646
2234685043
2238937840
2243478635
2242672232
2243552229
2247805026
2250464223
2254717020
2252131417
2253011414
2253798611
2259737808
2260617805
2261497802
2265750599
2271977794
2278009791
2285537789
2286515385
2287116982
2301390580
2307427376
2311587373
2315747370
2325059367
2334473762
2342099359
2346259356
2362219354
2364985748
2370924945
2380236942
2386083339
2397076937
2403489732
2413270528
2412464125
2413622522
2416569717
2422694514
2427132911
2428008109
2431145703
2435300901
2438243297
2442496094
2441504091
2440604888
2442888086
2442086482
2453177679
2448720076
2449414473
2455353670
2454361667
2453369664
2455936061
2456630458
2455731255
2459891252
2463953650
2463152046
2463846443
2469502441
2467014437
2466022434
2464835233
2465529630
2464537627
2468790424
2464425621
2466992018
2467779215
2461635212
2465888009
2464988806
2464089603
2463190400
2469315197
2470009594
2470982391
2469897588
2467404785
2466505582
2468979179
2469571178
2466985575
2471526370
2474092767
2471414364
2473980761
2476547158
2479113555
2476527952
2473942349
2477095946
2479476743
2474916742
2472423939
2468743935
2465967933
2461691131
2460694329
2463158328
2460572725
2456012724
2451647921
2452527918
2447875117
2443315116
2438950313
2436174311
2430900707
2425441503
2418100701
2416913500
2412451098
2409577497
2413835093
2412935890
2408375889
2403723088
2397481486
2394803083
2388561481
2379446278
2376670276
2363092671
2358630269
2351391865
2346929463
2341377459
2338694257
2335820656
2331451054
2326700654
2317775850
2313123049
2308758246
2307951843
2303294243
2298641442
2292492640
2288127837
2278513435
2273855835
2267516634
2263147032
2258684630
2252526230
2232203025
2219612624
2213459023
2207310221
2201254219
2180921416
2166742214
2160788610
2146511809
2134307005
2126374204
2120030204
2112292601
2099990198
2092062196
2082350195
2076298992
2070057390
2055687789
2032094182
2024068581
2017924578
2009806177
2003759773
1997420572
1989590169
1973348568
1965322967
1959271764
1928855760
1922614158
1908151757
1892100555
1877642953
1868126150
1862172546
1852465344
1844630142
1838393339
1828876536
1814516533
1808372530
1790927725
1768634921
1759118118
1752783716
1744860513
1735250910
1728818909
1722582106
1707934105
1699815704
1685460500
1679223697
1674673294
1664966092
1660318090
1655670088
1647649286
1636862080
1630625277
1624193276
1611329274
1603308472
1598758069
1592521266
1581441263
1573615659
1568967657
1561044454
1553121251
1546884448
1540647645
1532724442
1523212438
1518564436
1512327633
1504404430
1498265226
1488558024
1480439623
1474202820
1466279617
1460042814
1451924413
1445687610
1437764407
1429841204
1421918001
1415486000
1405876397
1399639594
1391716391
1385479588
1377361187
1373005982
1366866778
1358943575
1352706772
1344783569
1336567569
1330623563
1324289161
1316170760
1311815555
1303892352
1297753148
1289829945
1283495543
1275572340
1267746736
1261412334
1255175531
1247057130
1240917926
1232994723
1224973921
1220423518
1214186715
1207949912
1203399509
1202221906
1197671503
1193023501
1183316299
1177079496
1170842693
1164605890
1158369087
1151937086
1145700283
1136090680
1133129078
1123421876
1115498673
1109261870
1102829869
1096593066
1088669863
1078865062
1074593059
1066474658
1060140256
1050530653
1046258650
1036922648
1030871445
1023041042
1016511442
1007185038
1002434638
997140232
992585030
992804226
999866621
997373818
1000218615
1004661811
1004324207
1003610604
1006557799
1002192996
999324194
995061789
989200985
984836182
981874580
976116174
971658571
967200968
962748164
956511361
950274558
944037755
937996150
931759347
922247343
916298538
909768938
903532135
897490530
887978526
881644124
885278555
880750195
878583036
876192631
873504630
872893425
873866222
871280619
868880616
869760613
867028965
868528605
865943002
863633766
863906995
861220595
860220595
859220595
855859784
857944174
852750196
849974975
847482172
844989369
845869366
843283763
842570160
841763757
839178154
838371751
838312185
833932985
830800542
828214939
825722136
826602133
824016530
822711799
822403724
820795394
820790918
817025399
812750198
816379398
810750198
808048503
808750198
806342897
803757294
797398603
795750199
790906999
790976484
788143802
784987002
781059677
778673402
778791803
773655806
770429267
768833408
763892609
758547660
753802059
749251656
745815813
745836615
736129413
730993416
725914047
722700619
719739017
713558842
714067639
712890036
704771635
703271824
701899023
695467022
693703825
691940628
685313429
680960418
677020632
675550232
674025410
667427610
664678641
662123010
656954003
652403600
651758644
644793996
644750211
642438790
638545850
635389050
630838647
628977851
622669179
620782653
615744255
617449970
614585967
614608256
612592485
606435686
604552262
603374659
598141063
596029148
596886663
595709060
592845057
588294654
588803451
582371450
581193847
581702644
578741042
579249839
576483435
573619432
570657830
564518626
565027423
561870623
557417819
556240216
553376213
553787411
549334607
548157004
545195402
542428998
539272198
529760194
526896191
520464190
512540987
511363384
503244983
500283381
493948979
489398576
484848173
480297770
475552169
471001766
466256165
465078562
460528159
457664156
452918555
448368152
448876949
445915347
448110544
443657740
437225739
437734536
433086534
435281731
428947329
429456126
423219323
420160122
418884920
414432116
413156914
411784113
409017709
406153706
406662503
408857700
411052897
413150495
413756891
412481689
418049686
418558483
419360077
419576077
423750471
425750470
425966470
428064068
425004867
432064066
432377665
432691264
429632063
431534463
437004861
440691260
441004859
447966459
453436857
457123256
465771256
472928054
481576054
478614452
485576052
482614450
